0 0.5
0.1 0.310308
0.2 0.180618
0.3 0.231026
0.4 0.44366
0.5 0.70325
0.6 0.900638
0.7 0.986902
0.8 0.966081
0.9 0.868231
1 0.727865
1.1 0.573164
1.2 0.423044
1.3 0.28817
1.4 0.173209
1.5 0.0790242
1.6 0.00435111
1.7 -0.0530831
1.8 -0.095878
1.9 -0.126583
2 -0.147513
2.1 -0.160678
2.2 -0.167773
2.3 -0.170197
2.4 -0.169091
2.5 -0.165374
2.6 -0.159778
2.7 -0.152882
2.8 -0.145139
2.9 -0.1369
3 -0.128437
3.1 -0.119952
3.2 -0.111597
3.3 -0.103483
3.4 -0.0956866
3.5 -0.0882605
3.6 -0.0812366
3.7 -0.0746319
3.8 -0.0684515
3.9 -0.0626923
4 -0.0573443
4.1 -0.0523932
4.2 -0.0478215
4.3 -0.0436098
4.4 -0.0397375
4.5 -0.0361833
4.6 -0.0329261
4.7 -0.0299452
4.8 -0.0272203
4.9 -0.024732
5 -0.0224621
5.1 -0.020393
5.2 -0.0185084
5.3 -0.016793
5.4 -0.0152325
5.5 -0.0138137
5.6 -0.0125244
5.7 -0.0113531
5.8 -0.0102896
5.9 -0.00932427
6 -0.00844826
6.1 -0.00765357
6.2 -0.00693282
6.3 -0.00627929
6.4 -0.00568682
6.5 -0.00514981
6.6 -0.00466315
6.7 -0.00422219
6.8 -0.00382268
6.9 -0.00346077
7 -0.00313297
7.1 -0.00283608
7.2 -0.00256722
7.3 -0.00232376
7.4 -0.00210331
7.5 -0.00190372
7.6 -0.00172302
7.7 -0.00155943
7.8 -0.00141134
7.9 -0.00127728
8 -0.00115594
8.1 -0.00104611
8.2 -0.000946697
8.3 -0.000856721
8.4 -0.000775286
8.5 -0.000701584
8.6 -0.000634882
8.7 -0.000574516
8.8 -0.000519886
8.9 -0.000470446
9 -0.000425705
9.1 -0.000385217
9.2 -0.000348578
9.3 -0.000315422
9.4 -0.000285418
9.5 -0.000258267
9.6 -0.000233698
9.7 -0.000211466
9.8 -0.000191348
9.9 -0.000173143
10 -0.00015667
10.1 -0.000141764
10.2 -0.000128276
10.3 -0.000116071
10.4 -0.000105027
10.5 -9.5034e-05
10.6 -8.59914e-05
10.7 -7.78092e-05
10.8 -7.04054e-05
10.9 -6.37061e-05
11 -5.76442e-05
11.1 -5.2159e-05
11.2 -4.71958e-05
11.3 -4.27048e-05
11.4 -3.86411e-05
11.5 -3.49641e-05
11.6 -3.1637e-05
11.7 -2.86265e-05
11.8 -2.59024e-05
11.9 -2.34376e-05
12 -2.12072e-05
12.1 -1.91892e-05
12.2 -1.73631e-05
12.3 -1.57108e-05
12.4 -1.42158e-05
12.5 -1.2863e-05
12.6 -1.16389e-05
12.7 -1.05314e-05
12.8 -9.52919e-06
12.9 -8.62238e-06
13 -7.80186e-06
13.1 -7.05943e-06
13.2 -6.38764e-06
13.3 -5.77978e-06
13.4 -5.22976e-06
13.5 -4.73209e-06
13.6 -4.28178e-06
13.7 -3.87431e-06
13.8 -3.50563e-06
13.9 -3.17202e-06
14 -2.87017e-06
14.1 -2.59703e-06
14.2 -2.34989e-06
14.3 -2.12627e-06
14.4 -1.92393e-06
14.5 -1.74085e-06
14.6 -1.57518e-06
14.7 -1.42529e-06
14.8 -1.28965e-06
14.9 -1.16693e-06
15 -1.05588e-06
15.1 -9.55398e-07
15.2 -8.6448e-07
15.3 -7.82214e-07
15.4 -7.07776e-07
15.5 -6.40423e-07
15.6 -5.79478e-07
15.7 -5.24334e-07
15.8 -4.74437e-07
15.9 -4.29288e-07
16 -3.88436e-07
