0 0.3
0.001 0.259084
0.003 0.177597
0.005 0.0965738
0.007 0.0160221
0.009 -0.0640517
0.011 -0.143641
0.013 -0.222741
0.015 -0.301345
0.017 -0.379447
0.019 -0.457042
0.021 -0.534123
0.023 -0.610684
0.025 -0.68672
0.027 -0.762224
0.029 -0.837189
0.031 -0.91161
0.033 -0.985479
0.035 -1.05879
0.037 -1.13153
0.039 -1.2037
0.041 -1.27529
0.043 -1.34629
0.045 -1.41669
0.047 -1.48648
0.049 -1.55566
0.051 -1.62421
0.053 -1.69214
0.055 -1.75942
0.057 -1.82604
0.059 -1.89201
0.061 -1.95731
0.063 -2.02192
0.065 -2.08585
0.067 -2.14907
0.069 -2.21158
0.071 -2.27338
0.073 -2.33444
0.075 -2.39476
0.077 -2.45433
0.079 -2.51314
0.081 -2.57118
0.083 -2.62844
0.085 -2.68491
0.087 -2.74057
0.089 -2.79543
0.091 -2.84947
0.093 -2.90268
0.095 -2.95505
0.097 -3.00658
0.099 -3.05725
0.101 -3.10706
0.103 -3.156
0.105 -3.20405
0.107 -3.25122
0.109 -3.2975
0.111 -3.34288
0.113 -3.38735
0.115 -3.4309
0.117 -3.47354
0.121 -3.55603
0.125 -3.63478
0.129 -3.70976
0.131 -3.74582
0.133 -3.78093
0.135 -3.81509
0.137 -3.84829
0.139 -3.88053
0.141 -3.91181
0.143 -3.94213
0.145 -3.97148
0.147 -3.99988
0.149 -4.02732
0.151 -4.0538
0.153 -4.07932
0.155 -4.10388
0.157 -4.12749
0.159 -4.15016
0.161 -4.17187
0.163 -4.19264
0.165 -4.21247
0.167 -4.23137
0.169 -4.24934
0.171 -4.26638
0.173 -4.2825
0.175 -4.29771
0.177 -4.31202
0.179 -4.32542
0.181 -4.33793
0.183 -4.34955
0.185 -4.36029
0.187 -4.37017
0.189 -4.37918
0.191 -4.38734
0.193 -4.39465
0.195 -4.40113
0.197 -4.40678
0.199 -4.41162
0.201 -4.41565
0.203 -4.41888
0.205 -4.42133
0.207 -4.423
0.209 -4.42391
0.211 -4.42407
0.213 -4.42348
0.215 -4.42216
0.217 -4.42012
0.219 -4.41737
0.221 -4.41392
0.223 -4.40979
0.225 -4.40498
0.227 -4.39952
0.229 -4.3934
0.231 -4.38665
0.233 -4.37927
0.235 -4.37127
0.237 -4.36268
0.239 -4.35349
0.241 -4.34373
0.243 -4.3334
0.245 -4.32253
0.247 -4.31111
0.249 -4.29916
0.251 -4.28669
0.253 -4.27372
0.255 -4.26026
0.257 -4.24632
0.259 -4.23191
0.261 -4.21704
0.263 -4.20173
0.265 -4.18599
0.267 -4.16982
0.269 -4.15324
0.271 -4.13627
0.273 -4.1189
0.275 -4.10116
0.277 -4.08305
0.279 -4.06459
0.281 -4.04579
0.283 -4.02665
0.285 -4.00719
0.287 -3.98741
0.289 -3.96734
0.291 -3.94697
0.293 -3.92632
0.295 -3.90539
0.297 -3.88421
0.299 -3.86277
0.301 -3.84108
0.303 -3.81917
0.305 -3.79702
0.307 -3.77466
0.309 -3.75209
0.311 -3.72933
0.313 -3.70637
0.315 -3.68322
0.317 -3.65991
0.319 -3.63642
0.321 -3.61278
0.323 -3.58899
0.325 -3.56505
0.327 -3.54098
0.329 -3.51678
0.331 -3.49245
0.333 -3.46801
0.335 -3.44346
0.337 -3.41881
0.339 -3.39407
0.341 -3.36923
0.343 -3.34431
0.347 -3.29425
0.351 -3.24392
0.355 -3.19338
0.359 -3.14266
0.363 -3.0918
0.367 -3.04084
0.371 -2.98982
0.375 -2.93877
0.379 -2.88772
0.383 -2.83671
0.387 -2.78576
0.391 -2.73489
0.395 -2.68414
0.399 -2.63353
0.403 -2.58307
0.407 -2.5328
0.411 -2.48272
0.415 -2.43286
0.419 -2.38324
0.423 -2.33387
0.427 -2.28476
0.431 -2.23593
0.435 -2.1874
0.439 -2.13916
0.443 -2.09124
0.447 -2.04365
0.451 -1.99639
0.455 -1.94947
0.459 -1.90289
0.463 -1.85668
0.467 -1.81082
0.471 -1.76533
0.475 -1.72022
0.479 -1.67548
0.483 -1.63112
0.487 -1.58715
0.491 -1.54357
0.495 -1.50037
0.499 -1.45757
0.503 -1.41517
0.507 -1.37316
0.511 -1.33154
0.515 -1.29033
0.519 -1.24951
0.523 -1.2091
0.527 -1.16908
0.531 -1.12947
0.535 -1.09025
0.539 -1.05144
0.543 -1.01302
0.547 -0.975006
0.551 -0.937388
0.555 -0.900168
0.559 -0.863345
0.563 -0.826918
0.567 -0.790887
0.571 -0.75525
0.575 -0.720007
0.579 -0.685156
0.583 -0.650697
0.587 -0.616629
0.591 -0.582951
0.595 -0.549661
0.599 -0.51676
0.603 -0.484246
0.607 -0.452118
0.611 -0.420376
0.615 -0.389019
0.619 -0.358047
0.623 -0.327459
0.627 -0.297254
0.631 -0.267432
0.635 -0.237993
0.639 -0.208936
0.643 -0.180262
0.647 -0.15197
0.651 -0.12406
0.655 -0.096532
0.659 -0.0693868
0.663 -0.0426243
0.667 -0.0162448
0.671 0.00975121
0.675 0.0353634
0.679 0.0605911
0.683 0.0854338
0.687 0.109891
0.691 0.133961
0.695 0.157645
0.699 0.18094
0.703 0.203846
0.707 0.226363
0.711 0.248488
0.715 0.270222
0.719 0.291563
0.723 0.312509
0.727 0.333061
0.731 0.353217
0.735 0.372976
0.739 0.392337
0.743 0.411299
0.747 0.429861
0.755 0.465782
0.763 0.500092
0.771 0.532786
0.779 0.56386
0.787 0.59331
0.795 0.621136
0.803 0.647338
0.811 0.67192
0.819 0.694886
0.827 0.716245
0.835 0.736008
0.843 0.754188
0.851 0.770801
0.859 0.785869
0.867 0.799412
0.875 0.811457
0.883 0.822031
0.891 0.831168
0.899 0.8389
0.907 0.845265
0.915 0.850303
0.923 0.854055
0.931 0.856565
0.935 0.857369
0.939 0.857879
0.943 0.858103
0.947 0.858045
0.951 0.857713
0.955 0.857113
0.959 0.85625
0.963 0.855131
0.967 0.853764
0.971 0.852153
0.975 0.850306
0.979 0.84823
0.983 0.845931
0.987 0.843415
0.991 0.840689
0.995 0.83776
0.999 0.834635
1.003 0.831319
1.007 0.82782
1.011 0.824144
1.015 0.820298
1.019 0.816288
1.023 0.812121
1.027 0.807802
1.031 0.803339
1.035 0.798738
1.039 0.794004
1.043 0.789144
1.047 0.784163
1.051 0.779069
1.055 0.773866
1.059 0.768561
1.063 0.763159
1.067 0.757666
1.071 0.752087
1.075 0.746428
1.079 0.740693
1.083 0.734889
1.087 0.72902
1.091 0.723091
1.095 0.717107
1.099 0.711073
1.103 0.704993
1.107 0.698872
1.111 0.692713
1.115 0.686523
1.119 0.680304
1.123 0.67406
1.127 0.667796
1.131 0.661516
1.135 0.655222
1.139 0.648919
1.143 0.642609
1.147 0.636297
1.151 0.629986
1.155 0.623678
1.159 0.617376
1.163 0.611084
1.167 0.604804
1.171 0.598539
1.175 0.592291
1.179 0.586063
1.183 0.579857
1.187 0.573675
1.191 0.56752
1.195 0.561394
1.199 0.555297
1.203 0.549234
1.207 0.543204
1.215 0.531253
1.223 0.519457
1.231 0.507827
1.239 0.496373
1.247 0.485103
1.255 0.474025
1.263 0.463144
1.271 0.452466
1.279 0.441995
1.287 0.431736
1.295 0.421689
1.303 0.411858
1.311 0.402244
1.319 0.392846
1.327 0.383666
1.335 0.374701
1.343 0.365953
1.351 0.357418
1.359 0.349095
1.367 0.340982
1.375 0.333076
1.383 0.325375
1.391 0.317874
1.399 0.310572
1.407 0.303464
1.415 0.296546
1.423 0.289815
1.431 0.283267
1.439 0.276898
1.447 0.270703
1.455 0.26468
1.463 0.258822
1.471 0.253127
1.479 0.247589
1.487 0.242206
1.495 0.236972
1.503 0.231883
1.511 0.226935
1.519 0.222125
1.527 0.217447
1.535 0.212899
1.543 0.208476
1.551 0.204174
1.559 0.19999
1.567 0.19592
1.575 0.19196
1.591 0.184357
1.607 0.177154
1.623 0.170325
1.639 0.163845
1.655 0.157692
1.671 0.151845
1.687 0.146282
1.703 0.140985
1.719 0.135936
1.735 0.131119
1.751 0.126519
1.767 0.122121
1.783 0.117912
1.799 0.11388
1.815 0.110013
1.831 0.106302
1.847 0.102736
1.863 0.0993071
1.879 0.0960066
1.895 0.092827
1.911 0.0897613
1.927 0.0868032
1.943 0.0839466
1.959 0.0811861
1.975 0.0785167
1.991 0.0759336
2.007 0.0734326
2.023 0.0710097
2.039 0.0686612
2.055 0.0663837
2.071 0.0641741
2.087 0.0620293
2.103 0.0599468
2.119 0.0579239
2.135 0.0559583
2.151 0.0540478
2.167 0.0521905
2.183 0.0503842
2.199 0.0486273
2.215 0.0469181
2.231 0.0452549
2.247 0.0436364
2.263 0.042061
2.279 0.0405274
2.295 0.0390345
2.311 0.0375809
2.327 0.0361656
2.359 0.0334456
2.391 0.0308662
2.423 0.0284201
2.455 0.0261006
2.487 0.0239013
2.519 0.0218163
2.551 0.0198403
2.583 0.0179681
2.615 0.0161948
2.647 0.0145158
2.679 0.0129269
2.711 0.0114239
2.743 0.0100029
2.775 0.00866016
2.807 0.00739212
2.839 0.00619538
2.871 0.0050667
2.903 0.00400297
2.935 0.00300121
2.967 0.00205858
2.999 0.00117234
3.031 0.000339879
3.063 -0.000441305
3.095 -0.00117361
3.127 -0.00185934
3.159 -0.00250069
3.191 -0.00309979
3.223 -0.00365864
3.255 -0.00417918
3.287 -0.00466328
3.319 -0.00511272
3.351 -0.00552918
3.383 -0.00591431
3.415 -0.00626966
3.447 -0.00659673
3.479 -0.00689695
3.511 -0.00717168
3.543 -0.00742224
3.575 -0.00764987
3.607 -0.00785577
3.639 -0.00804109
3.671 -0.00820692
3.703 -0.0083543
3.735 -0.00848425
3.767 -0.0085977
3.799 -0.00869557
3.831 -0.00877873
3.863 -0.00884802
3.895 -0.00890422
3.927 -0.00894809
3.959 -0.00898036
3.991 -0.00900172
4.023 -0.00901281
4.087 -0.0090067
4.151 -0.0089667
4.215 -0.00889703
4.279 -0.00880154
4.343 -0.0086837
4.407 -0.00854665
4.471 -0.00839324
4.535 -0.00822602
4.599 -0.00804729
4.663 -0.00785912
4.727 -0.00766338
4.791 -0.00746172
4.855 -0.00725563
4.919 -0.00704643
4.983 -0.00683531
5.047 -0.0066233
5.111 -0.00641132
5.175 -0.00620018
5.239 -0.0059906
5.303 -0.00578319
5.367 -0.00557848
5.431 -0.00537694
5.495 -0.00517896
5.559 -0.00498487
5.623 -0.00479495
5.687 -0.00460942
5.751 -0.00442848
5.815 -0.00425227
5.879 -0.00408088
5.943 -0.00391441
6.007 -0.00375291
6.071 -0.00359638
6.135 -0.00344484
6.199 -0.00329828
6.263 -0.00315665
6.327 -0.0030199
6.391 -0.00288798
6.455 -0.00276082
6.519 -0.00263832
6.583 -0.0025204
6.647 -0.00240696
6.711 -0.00229791
6.775 -0.00219312
6.839 -0.0020925
6.903 -0.00199592
6.967 -0.00190328
7.031 -0.00181446
7.095 -0.00172933
7.159 -0.00164778
7.223 -0.0015697
7.287 -0.00149497
7.351 -0.00142347
7.415 -0.00135509
7.479 -0.00128972
7.543 -0.00122725
7.607 -0.00116756
7.671 -0.00111056
7.735 -0.00105614
7.799 -0.0010042
7.863 -0.000954638
7.927 -0.000907364
8.055 -0.000819302
8.183 -0.000739304
8.311 -0.000666701
8.439 -0.000600873
8.567 -0.000541239
8.695 -0.000487261
8.823 -0.000438441
8.951 -0.000394318
9.079 -0.000354468
9.207 -0.000318502
9.335 -0.000286062
9.463 -0.000256819
9.591 -0.000230474
9.719 -0.000206752
9.847 -0.000185404
9.975 -0.0001662
10.103 -0.000148935
10.231 -0.00013342
10.359 -0.000119482
10.487 -0.000106968
10.615 -9.57364e-05
10.743 -8.56594e-05
10.871 -7.66219e-05
10.999 -6.85195e-05
11.127 -6.1258e-05
11.255 -5.47523e-05
11.383 -4.89256e-05
11.511 -4.37087e-05
11.639 -3.90391e-05
11.767 -3.48606e-05
11.895 -3.11227e-05
12.023 -2.77797e-05
12.151 -2.47908e-05
12.279 -2.21191e-05
12.407 -1.97315e-05
12.663 -1.5693e-05
12.919 -1.24722e-05
13.175 -9.90581e-06
13.431 -7.86246e-06
13.687 -6.23681e-06
13.943 -4.94442e-06
14.199 -3.91767e-06
14.455 -3.1025e-06
14.711 -2.45571e-06
14.967 -1.94282e-06
15.223 -1.53634e-06
15.479 -1.21437e-06
15.735 -9.59467e-07
15.991 -7.5776e-07
