0 -0.4
0.1 -3.35767
0.2 -4.80596
0.3 -3.84427
0.4 -1.18055
0.5 0.492654
0.6 0.927113
0.7 0.873376
0.8 0.861002
0.9 1.013
1 1.24465
1.1 1.44312
1.2 1.54256
1.3 1.52969
1.4 1.42406
1.5 1.25763
1.6 1.06149
1.7 0.859963
1.8 0.669272
1.9 0.498622
2 0.352003
2.1 0.229965
2.2 0.131029
2.3 0.0526931
2.4 -0.00792239
2.5 -0.0536857
2.6 -0.0872473
2.7 -0.110947
2.8 -0.126788
2.9 -0.13645
3 -0.141319
3.1 -0.142525
3.2 -0.140981
3.3 -0.137417
3.4 -0.132413
3.5 -0.126426
3.6 -0.119812
3.7 -0.112846
3.8 -0.10574
3.9 -0.0986518
4 -0.0916993
4.1 -0.084967
4.2 -0.078514
4.3 -0.0723792
4.4 -0.0665858
4.5 -0.0611454
4.6 -0.0560603
4.7 -0.0513262
4.8 -0.0469336
4.9 -0.0428699
5 -0.03912
5.1 -0.0356671
5.2 -0.0324939
5.3 -0.0295826
5.4 -0.0269156
5.5 -0.0244755
5.6 -0.0222457
5.7 -0.02021
5.8 -0.0183533
5.9 -0.0166613
6 -0.0151203
6.1 -0.013718
6.2 -0.0124424
6.3 -0.0112829
6.4 -0.0102292
6.5 -0.00927219
6.6 -0.00840326
6.7 -0.00761459
6.8 -0.00689897
6.9 -0.00624982
7 -0.00566111
7.1 -0.00512733
7.2 -0.00464344
7.3 -0.00420488
7.4 -0.00380744
7.5 -0.00344734
7.6 -0.0031211
7.7 -0.00282558
7.8 -0.00255791
7.9 -0.00231549
8 -0.00209596
8.1 -0.00189717
8.2 -0.00171718
8.3 -0.00155421
8.4 -0.00140668
8.5 -0.00127312
8.6 -0.00115221
8.7 -0.00104276
8.8 -0.000943696
8.9 -0.000854027
9 -0.000772866
9.1 -0.000699409
9.2 -0.000632925
9.3 -0.000572755
9.4 -0.0005183
9.5 -0.000469018
9.6 -0.000424418
9.7 -0.000384057
9.8 -0.000347531
9.9 -0.000314478
10 -0.000284566
10.1 -0.000257498
10.2 -0.000233004
10.3 -0.000210839
10.4 -0.000190782
10.5 -0.000172632
10.6 -0.000156208
10.7 -0.000141347
10.8 -0.000127899
10.9 -0.00011573
11 -0.000104719
11.1 -9.47554e-05
11.2 -8.57396e-05
11.3 -7.75815e-05
11.4 -7.01996e-05
11.5 -6.35199e-05
11.6 -5.74758e-05
11.7 -5.20068e-05
11.8 -4.70581e-05
11.9 -4.25802e-05
12 -3.85285e-05
12.1 -3.48622e-05
12.2 -3.15448e-05
12.3 -2.85431e-05
12.4 -2.5827e-05
12.5 -2.33693e-05
12.6 -2.11455e-05
12.7 -1.91333e-05
12.8 -1.73126e-05
12.9 -1.56651e-05
13 -1.41744e-05
13.1 -1.28256e-05
13.2 -1.16051e-05
13.3 -1.05008e-05
13.4 -9.50149e-06
13.5 -8.59732e-06
13.6 -7.77918e-06
13.7 -7.03891e-06
13.8 -6.36907e-06
13.9 -5.76298e-06
14 -5.21457e-06
14.1 -4.71834e-06
14.2 -4.26933e-06
14.3 -3.86306e-06
14.4 -3.49544e-06
14.5 -3.16281e-06
14.6 -2.86183e-06
14.7 -2.58949e-06
14.8 -2.34307e-06
14.9 -2.1201e-06
15 -1.91834e-06
15.1 -1.73579e-06
15.2 -1.57061e-06
15.3 -1.42114e-06
15.4 -1.28591e-06
15.5 -1.16354e-06
15.6 -1.05281e-06
15.7 -9.52623e-07
15.8 -8.61969e-07
15.9 -7.79942e-07
16 -7.0572e-07
