0 -0.2
0.1 -1.04484
0.2 -1.12684
0.3 -0.255165
0.4 0.952338
0.5 1.48844
0.6 1.26733
0.7 0.664463
0.8 0.0341389
0.9 -0.440465
1 -0.717145
1.1 -0.826234
1.2 -0.819912
1.3 -0.746518
1.4 -0.641885
1.5 -0.529134
1.6 -0.421482
1.7 -0.325424
1.8 -0.243322
1.9 -0.175215
2 -0.119972
2.1 -0.0759757
2.2 -0.0415095
2.3 -0.014946
2.4 0.00516541
2.5 0.020072
2.6 0.0308223
2.7 0.0382841
2.8 0.0431677
2.9 0.0460498
3 0.0473954
3.1 0.0475773
3.2 0.0468929
3.3 0.0455777
3.4 0.0438176
3.5 0.0417581
3.6 0.0395121
3.7 0.0371668
3.8 0.0347882
3.9 0.0324261
4 0.0301168
4.1 0.0278865
4.2 0.0257533
4.3 0.0237287
4.4 0.0218195
4.5 0.0200287
4.6 0.0183566
4.7 0.0168012
4.8 0.0153592
4.9 0.0140259
5 0.0127962
5.1 0.0116646
5.2 0.010625
5.3 0.00967155
5.4 0.0087984
5.5 0.00799978
5.6 0.00727015
5.7 0.00660422
5.8 0.00599696
5.9 0.00544365
6 0.00493984
6.1 0.00448139
6.2 0.00406446
6.3 0.00368548
6.4 0.00334116
6.5 0.00302843
6.6 0.00274452
6.7 0.00248686
6.8 0.00225307
6.9 0.00204101
7 0.00184871
7.1 0.00167436
7.2 0.00151631
7.3 0.00137307
7.4 0.00124327
7.5 0.00112567
7.6 0.00101913
7.7 0.000922617
7.8 0.000835207
7.9 0.000756045
8 0.000684358
8.1 0.000619446
8.2 0.000560673
8.3 0.000507461
8.4 0.000459286
8.5 0.000415675
8.6 0.000376197
8.7 0.000340461
8.8 0.000308115
8.9 0.000278837
9 0.000252337
9.1 0.000228353
9.2 0.000206646
9.3 0.000187
9.4 0.000169221
9.5 0.00015313
9.6 0.000138569
9.7 0.000125391
9.8 0.000113465
9.9 0.000102674
10 9.29077e-05
10.1 8.40702e-05
10.2 7.60731e-05
10.3 6.88364e-05
10.4 6.22879e-05
10.5 5.63622e-05
10.6 5.1e-05
10.7 4.61479e-05
10.8 4.17573e-05
10.9 3.77844e-05
11 3.41894e-05
11.1 3.09363e-05
11.2 2.79928e-05
11.3 2.53293e-05
11.4 2.29192e-05
11.5 2.07384e-05
11.6 1.8765e-05
11.7 1.69795e-05
11.8 1.53638e-05
11.9 1.39018e-05
12 1.2579e-05
12.1 1.1382e-05
12.2 1.02989e-05
12.3 9.31891e-06
12.4 8.43214e-06
12.5 7.62974e-06
12.6 6.9037e-06
12.7 6.24675e-06
12.8 5.65231e-06
12.9 5.11444e-06
13 4.62775e-06
13.1 4.18737e-06
13.2 3.78889e-06
13.3 3.42834e-06
13.4 3.1021e-06
13.5 2.8069e-06
13.6 2.53979e-06
13.7 2.2981e-06
13.8 2.07941e-06
13.9 1.88153e-06
14 1.70248e-06
14.1 1.54047e-06
14.2 1.39387e-06
14.3 1.26123e-06
14.4 1.14121e-06
14.5 1.03261e-06
14.6 9.34344e-07
14.7 8.4543e-07
14.8 7.64977e-07
14.9 6.9218e-07
15 6.26311e-07
15.1 5.66709e-07
15.2 5.1278e-07
15.3 4.63983e-07
15.4 4.19829e-07
15.5 3.79877e-07
15.6 3.43727e-07
15.7 3.11017e-07
15.8 2.8142e-07
15.9 2.54639e-07
16 2.30407e-07
