0 0.1
0.001 0.0662671
0.003 -0.000775693
0.005 -0.0672545
0.007 -0.13317
0.009 -0.198523
0.011 -0.263315
0.013 -0.327548
0.015 -0.391225
0.017 -0.454349
0.019 -0.516923
0.021 -0.578949
0.023 -0.640431
0.025 -0.701372
0.027 -0.761777
0.029 -0.821647
0.031 -0.880986
0.033 -0.939798
0.035 -0.998085
0.037 -1.05585
0.039 -1.1131
0.041 -1.16983
0.043 -1.22604
0.045 -1.28174
0.047 -1.33693
0.049 -1.39162
0.051 -1.44579
0.053 -1.49946
0.055 -1.55261
0.057 -1.60527
0.059 -1.65741
0.061 -1.70905
0.063 -1.76018
0.065 -1.81081
0.067 -1.86092
0.069 -1.91052
0.071 -1.95962
0.073 -2.00819
0.075 -2.05625
0.077 -2.10379
0.079 -2.15081
0.081 -2.1973
0.083 -2.24326
0.085 -2.2887
0.087 -2.33359
0.089 -2.37795
0.091 -2.42176
0.093 -2.46503
0.095 -2.50775
0.097 -2.54991
0.099 -2.5915
0.101 -2.63254
0.103 -2.673
0.105 -2.71289
0.107 -2.7522
0.109 -2.79092
0.111 -2.82906
0.113 -2.86659
0.115 -2.90353
0.117 -2.93987
0.121 -3.01071
0.125 -3.07907
0.129 -3.14491
0.131 -3.17688
0.133 -3.2082
0.135 -3.23888
0.137 -3.26891
0.139 -3.29829
0.141 -3.327
0.143 -3.35506
0.145 -3.38245
0.147 -3.40917
0.149 -3.43522
0.151 -3.4606
0.153 -3.4853
0.155 -3.50932
0.157 -3.53266
0.159 -3.55532
0.161 -3.57729
0.163 -3.59858
0.165 -3.61918
0.167 -3.6391
0.169 -3.65833
0.171 -3.67687
0.173 -3.69472
0.175 -3.71189
0.177 -3.72837
0.179 -3.74416
0.181 -3.75927
0.183 -3.77369
0.185 -3.78744
0.187 -3.80051
0.189 -3.8129
0.191 -3.82461
0.193 -3.83566
0.195 -3.84603
0.197 -3.85574
0.199 -3.86479
0.201 -3.87319
0.203 -3.88093
0.205 -3.88802
0.207 -3.89447
0.209 -3.90028
0.211 -3.90546
0.213 -3.91001
0.215 -3.91393
0.217 -3.91724
0.219 -3.91994
0.221 -3.92203
0.223 -3.92353
0.225 -3.92444
0.227 -3.92475
0.229 -3.9245
0.231 -3.92367
0.233 -3.92228
0.235 -3.92033
0.237 -3.91783
0.239 -3.91479
0.241 -3.91122
0.243 -3.90712
0.245 -3.90251
0.247 -3.89738
0.249 -3.89176
0.251 -3.88564
0.253 -3.87904
0.255 -3.87196
0.257 -3.86441
0.259 -3.8564
0.261 -3.84794
0.263 -3.83904
0.265 -3.82971
0.267 -3.81995
0.269 -3.80977
0.271 -3.79918
0.273 -3.78819
0.275 -3.77682
0.277 -3.76506
0.279 -3.75292
0.281 -3.74042
0.283 -3.72756
0.285 -3.71435
0.287 -3.7008
0.289 -3.68692
0.291 -3.67272
0.293 -3.65819
0.295 -3.64336
0.297 -3.62824
0.299 -3.61281
0.301 -3.59711
0.303 -3.58113
0.305 -3.56488
0.307 -3.54837
0.309 -3.53161
0.311 -3.5146
0.313 -3.49736
0.315 -3.47988
0.317 -3.46218
0.319 -3.44427
0.321 -3.42614
0.323 -3.40782
0.325 -3.38929
0.327 -3.37058
0.329 -3.35169
0.331 -3.33262
0.333 -3.31339
0.335 -3.29399
0.337 -3.27443
0.339 -3.25473
0.341 -3.23488
0.343 -3.21489
0.347 -3.17452
0.351 -3.13367
0.355 -3.09237
0.359 -3.05067
0.363 -3.00862
0.367 -2.96624
0.371 -2.92358
0.375 -2.88066
0.379 -2.83753
0.383 -2.79422
0.387 -2.75075
0.391 -2.70715
0.395 -2.66346
0.399 -2.61969
0.403 -2.57588
0.407 -2.53204
0.411 -2.48821
0.415 -2.44439
0.419 -2.40061
0.423 -2.35689
0.427 -2.31325
0.431 -2.2697
0.435 -2.22626
0.439 -2.18294
0.443 -2.13975
0.447 -2.09672
0.451 -2.05385
0.455 -2.01115
0.459 -1.96864
0.463 -1.92632
0.467 -1.8842
0.471 -1.84229
0.475 -1.8006
0.479 -1.75914
0.483 -1.71791
0.487 -1.67692
0.491 -1.63618
0.495 -1.59569
0.499 -1.55545
0.503 -1.51548
0.507 -1.47577
0.511 -1.43632
0.515 -1.39715
0.519 -1.35826
0.523 -1.31964
0.527 -1.28131
0.531 -1.24326
0.535 -1.20549
0.539 -1.16802
0.543 -1.13083
0.547 -1.09394
0.551 -1.05734
0.555 -1.02104
0.559 -0.985033
0.563 -0.949326
0.567 -0.91392
0.571 -0.878815
0.575 -0.844013
0.579 -0.809515
0.583 -0.775323
0.587 -0.741437
0.591 -0.707859
0.595 -0.67459
0.599 -0.641632
0.603 -0.608985
0.607 -0.576652
0.611 -0.544632
0.615 -0.512929
0.619 -0.481543
0.623 -0.450475
0.627 -0.419728
0.631 -0.389303
0.635 -0.359202
0.639 -0.329426
0.643 -0.299978
0.647 -0.270859
0.651 -0.242071
0.655 -0.213617
0.659 -0.185498
0.663 -0.157716
0.667 -0.130275
0.671 -0.103176
0.675 -0.0764213
0.679 -0.0500139
0.683 -0.023956
0.687 0.00174985
0.691 0.027101
0.695 0.0520948
0.699 0.0767286
0.703 0.101
0.707 0.124906
0.711 0.148443
0.715 0.17161
0.719 0.194404
0.723 0.216821
0.727 0.23886
0.731 0.260517
0.735 0.281789
0.739 0.302675
0.743 0.323172
0.747 0.343276
0.755 0.382301
0.763 0.419731
0.771 0.45555
0.779 0.489742
0.787 0.522296
0.795 0.5532
0.803 0.582447
0.811 0.610032
0.819 0.635954
0.827 0.660214
0.835 0.682816
0.843 0.703769
0.851 0.723086
0.859 0.74078
0.867 0.756872
0.875 0.771383
0.883 0.784341
0.891 0.795775
0.899 0.805718
0.907 0.814205
0.915 0.821277
0.923 0.826974
0.931 0.831343
0.935 0.833043
0.939 0.834428
0.943 0.835505
0.947 0.836279
0.951 0.836758
0.955 0.836947
0.959 0.836853
0.963 0.836483
0.967 0.835844
0.971 0.834942
0.975 0.833784
0.979 0.832376
0.983 0.830727
0.987 0.828842
0.991 0.826728
0.995 0.824394
0.999 0.821844
1.003 0.819087
1.007 0.81613
1.011 0.812978
1.015 0.809639
1.019 0.80612
1.023 0.802428
1.027 0.798569
1.031 0.79455
1.035 0.790378
1.039 0.786058
1.043 0.781598
1.047 0.777004
1.051 0.772283
1.055 0.767439
1.059 0.762481
1.063 0.757412
1.067 0.75224
1.071 0.746971
1.075 0.741609
1.079 0.736162
1.083 0.730633
1.087 0.725028
1.091 0.719354
1.095 0.713614
1.099 0.707814
1.103 0.701959
1.107 0.696053
1.111 0.690102
1.115 0.684109
1.119 0.67808
1.123 0.672018
1.127 0.665927
1.131 0.659812
1.135 0.653677
1.139 0.647525
1.143 0.64136
1.147 0.635186
1.151 0.629006
1.155 0.622823
1.159 0.616641
1.163 0.610462
1.167 0.60429
1.171 0.598127
1.175 0.591976
1.179 0.585841
1.183 0.579722
1.187 0.573623
1.191 0.567547
1.195 0.561494
1.199 0.555468
1.203 0.54947
1.207 0.543502
1.215 0.531665
1.223 0.519969
1.231 0.508427
1.239 0.497049
1.247 0.485845
1.255 0.474823
1.263 0.463989
1.271 0.453351
1.279 0.442913
1.287 0.432678
1.295 0.422652
1.303 0.412835
1.311 0.40323
1.319 0.393838
1.327 0.384658
1.335 0.375692
1.343 0.366938
1.351 0.358395
1.359 0.350062
1.367 0.341937
1.375 0.334016
1.383 0.326299
1.391 0.318781
1.399 0.31146
1.407 0.304333
1.415 0.297395
1.423 0.290643
1.431 0.284074
1.439 0.277683
1.447 0.271467
1.455 0.265421
1.463 0.259541
1.471 0.253824
1.479 0.248264
1.487 0.242859
1.495 0.237603
1.503 0.232493
1.511 0.227525
1.519 0.222694
1.527 0.217996
1.535 0.213428
1.543 0.208985
1.551 0.204665
1.559 0.200462
1.567 0.196374
1.575 0.192397
1.591 0.18476
1.607 0.177525
1.623 0.170667
1.639 0.164159
1.655 0.157981
1.671 0.152109
1.687 0.146524
1.703 0.141207
1.719 0.136139
1.735 0.131305
1.751 0.126688
1.767 0.122275
1.783 0.118052
1.799 0.114008
1.815 0.11013
1.831 0.106408
1.847 0.102833
1.863 0.0993949
1.879 0.0960863
1.895 0.0928994
1.911 0.0898271
1.927 0.0868629
1.943 0.0840008
1.959 0.0812353
1.975 0.0785613
1.991 0.0759741
2.007 0.0734693
2.023 0.0710429
2.039 0.0686913
2.055 0.066411
2.071 0.0641988
2.087 0.0620517
2.103 0.059967
2.119 0.0579422
2.135 0.0559749
2.151 0.0540629
2.167 0.0522041
2.183 0.0503965
2.199 0.0486384
2.215 0.0469282
2.231 0.045264
2.247 0.0436446
2.263 0.0420684
2.279 0.0405342
2.295 0.0390406
2.311 0.0375865
2.327 0.0361706
2.359 0.0334496
2.391 0.0308695
2.423 0.0284228
2.455 0.0261028
2.487 0.0239031
2.519 0.0218178
2.551 0.0198415
2.583 0.0179691
2.615 0.0161956
2.647 0.0145165
2.679 0.0129275
2.711 0.0114244
2.743 0.0100033
2.775 0.00866045
2.807 0.00739236
2.839 0.00619558
2.871 0.00506686
2.903 0.0040031
2.935 0.00300132
2.967 0.00205867
2.999 0.00117241
3.031 0.000339937
3.063 -0.000441257
3.095 -0.00117357
3.127 -0.00185931
3.159 -0.00250067
3.191 -0.00309976
3.223 -0.00365862
3.255 -0.00417917
3.287 -0.00466327
3.319 -0.00511271
3.351 -0.00552917
3.383 -0.0059143
3.415 -0.00626966
3.447 -0.00659673
3.479 -0.00689694
3.511 -0.00717168
3.543 -0.00742223
3.575 -0.00764986
3.607 -0.00785577
3.639 -0.00804109
3.671 -0.00820692
3.703 -0.0083543
3.735 -0.00848425
3.767 -0.0085977
3.799 -0.00869557
3.831 -0.00877873
3.863 -0.00884802
3.895 -0.00890422
3.927 -0.00894809
3.959 -0.00898036
3.991 -0.00900172
4.023 -0.00901281
4.087 -0.0090067
4.151 -0.0089667
4.215 -0.00889703
4.279 -0.00880154
4.343 -0.0086837
4.407 -0.00854665
4.471 -0.00839324
4.535 -0.00822602
4.599 -0.00804729
4.663 -0.00785912
4.727 -0.00766338
4.791 -0.00746172
4.855 -0.00725563
4.919 -0.00704643
4.983 -0.00683531
5.047 -0.0066233
5.111 -0.00641132
5.175 -0.00620018
5.239 -0.0059906
5.303 -0.00578319
5.367 -0.00557848
5.431 -0.00537694
5.495 -0.00517896
5.559 -0.00498487
5.623 -0.00479495
5.687 -0.00460942
5.751 -0.00442848
5.815 -0.00425227
5.879 -0.00408088
5.943 -0.00391441
6.007 -0.00375291
6.071 -0.00359638
6.135 -0.00344484
6.199 -0.00329828
6.263 -0.00315665
6.327 -0.0030199
6.391 -0.00288798
6.455 -0.00276082
6.519 -0.00263832
6.583 -0.0025204
6.647 -0.00240696
6.711 -0.00229791
6.775 -0.00219312
6.839 -0.0020925
6.903 -0.00199592
6.967 -0.00190328
7.031 -0.00181446
7.095 -0.00172933
7.159 -0.00164778
7.223 -0.0015697
7.287 -0.00149497
7.351 -0.00142347
7.415 -0.00135509
7.479 -0.00128972
7.543 -0.00122725
7.607 -0.00116756
7.671 -0.00111056
7.735 -0.00105614
7.799 -0.0010042
7.863 -0.000954638
7.927 -0.000907364
8.055 -0.000819302
8.183 -0.000739304
8.311 -0.000666701
8.439 -0.000600873
8.567 -0.000541239
8.695 -0.000487261
8.823 -0.000438441
8.951 -0.000394318
9.079 -0.000354468
9.207 -0.000318502
9.335 -0.000286062
9.463 -0.000256819
9.591 -0.000230474
9.719 -0.000206752
9.847 -0.000185404
9.975 -0.0001662
10.103 -0.000148935
10.231 -0.00013342
10.359 -0.000119482
10.487 -0.000106968
10.615 -9.57364e-05
10.743 -8.56594e-05
10.871 -7.66219e-05
10.999 -6.85195e-05
11.127 -6.1258e-05
11.255 -5.47523e-05
11.383 -4.89256e-05
11.511 -4.37087e-05
11.639 -3.90391e-05
11.767 -3.48606e-05
11.895 -3.11227e-05
12.023 -2.77797e-05
12.151 -2.47908e-05
12.279 -2.21191e-05
12.407 -1.97315e-05
12.663 -1.5693e-05
12.919 -1.24722e-05
13.175 -9.90581e-06
13.431 -7.86246e-06
13.687 -6.23681e-06
13.943 -4.94442e-06
14.199 -3.91767e-06
14.455 -3.1025e-06
14.711 -2.45571e-06
14.967 -1.94282e-06
15.223 -1.53634e-06
15.479 -1.21437e-06
15.735 -9.59467e-07
15.991 -7.5776e-07
