0 0.2
0.001 0.170317
0.003 0.111103
0.005 0.0521042
0.007 -0.00666496
0.009 -0.0651901
0.011 -0.123457
0.013 -0.181454
0.015 -0.239166
0.017 -0.296583
0.019 -0.353692
0.021 -0.410481
0.023 -0.46694
0.025 -0.523059
0.027 -0.578826
0.029 -0.634233
0.031 -0.689269
0.033 -0.743926
0.035 -0.798194
0.037 -0.852066
0.039 -0.905533
0.041 -0.958588
0.043 -1.01122
0.045 -1.06343
0.047 -1.1152
0.049 -1.16653
0.051 -1.21742
0.053 -1.26785
0.055 -1.31782
0.057 -1.36733
0.059 -1.41637
0.061 -1.46493
0.063 -1.51301
0.065 -1.56061
0.067 -1.60772
0.069 -1.65434
0.071 -1.70047
0.073 -1.74609
0.075 -1.79121
0.077 -1.83583
0.079 -1.87993
0.081 -1.92353
0.083 -1.96661
0.085 -2.00918
0.087 -2.05123
0.089 -2.09276
0.091 -2.13377
0.093 -2.17425
0.095 -2.21422
0.097 -2.25366
0.099 -2.29257
0.101 -2.33096
0.103 -2.36883
0.105 -2.40616
0.107 -2.44298
0.109 -2.47927
0.111 -2.51503
0.113 -2.55027
0.115 -2.58498
0.117 -2.61917
0.121 -2.68599
0.125 -2.75073
0.129 -2.81341
0.131 -2.84397
0.133 -2.87403
0.135 -2.90358
0.137 -2.93262
0.139 -2.96116
0.141 -2.9892
0.143 -3.01674
0.145 -3.04378
0.147 -3.07034
0.149 -3.0964
0.151 -3.12197
0.153 -3.14706
0.155 -3.17167
0.157 -3.1958
0.159 -3.21946
0.161 -3.24264
0.163 -3.26536
0.165 -3.28762
0.167 -3.30941
0.169 -3.33075
0.171 -3.35164
0.173 -3.37208
0.175 -3.39207
0.177 -3.41162
0.179 -3.43073
0.181 -3.44942
0.183 -3.46767
0.185 -3.48549
0.187 -3.5029
0.189 -3.51989
0.191 -3.53646
0.193 -3.55263
0.195 -3.56839
0.197 -3.58376
0.199 -3.59872
0.201 -3.61329
0.203 -3.62748
0.205 -3.64128
0.207 -3.6547
0.209 -3.66775
0.211 -3.68043
0.213 -3.69274
0.215 -3.70468
0.217 -3.71627
0.219 -3.7275
0.221 -3.73838
0.223 -3.74892
0.225 -3.75911
0.227 -3.76897
0.229 -3.77849
0.231 -3.78768
0.233 -3.79654
0.235 -3.80509
0.237 -3.81331
0.239 -3.82122
0.241 -3.82882
0.243 -3.83611
0.245 -3.8431
0.247 -3.8498
0.249 -3.85619
0.251 -3.8623
0.253 -3.86811
0.255 -3.87365
0.257 -3.8789
0.259 -3.88388
0.261 -3.88858
0.263 -3.89301
0.265 -3.89718
0.267 -3.90108
0.269 -3.90472
0.271 -3.90811
0.273 -3.91124
0.275 -3.91412
0.277 -3.91676
0.279 -3.91915
0.281 -3.92131
0.283 -3.92322
0.285 -3.92491
0.287 -3.92636
0.289 -3.92758
0.291 -3.92858
0.293 -3.92935
0.295 -3.9299
0.297 -3.93024
0.299 -3.93037
0.301 -3.93028
0.303 -3.92998
0.305 -3.92948
0.307 -3.92877
0.309 -3.92787
0.311 -3.92676
0.313 -3.92546
0.315 -3.92397
0.317 -3.92228
0.319 -3.92041
0.321 -3.91835
0.323 -3.9161
0.325 -3.91367
0.327 -3.91107
0.329 -3.90828
0.331 -3.90533
0.333 -3.90219
0.335 -3.89889
0.337 -3.89542
0.339 -3.89178
0.341 -3.88797
0.343 -3.884
0.347 -3.87559
0.351 -3.86654
0.355 -3.85688
0.359 -3.84662
0.363 -3.83577
0.367 -3.82434
0.371 -3.81236
0.375 -3.79983
0.379 -3.78676
0.383 -3.77317
0.387 -3.75906
0.391 -3.74445
0.395 -3.72936
0.399 -3.71378
0.403 -3.69773
0.407 -3.68123
0.411 -3.66428
0.415 -3.64688
0.419 -3.62906
0.423 -3.61081
0.427 -3.59216
0.431 -3.5731
0.435 -3.55365
0.439 -3.53381
0.443 -3.5136
0.447 -3.49302
0.451 -3.47208
0.455 -3.45078
0.459 -3.42915
0.463 -3.40718
0.467 -3.38488
0.471 -3.36226
0.475 -3.33933
0.479 -3.3161
0.483 -3.29257
0.487 -3.26875
0.491 -3.24465
0.495 -3.22027
0.499 -3.19563
0.503 -3.17074
0.507 -3.14559
0.511 -3.12019
0.515 -3.09456
0.519 -3.0687
0.523 -3.04262
0.527 -3.01633
0.531 -2.98982
0.535 -2.96312
0.539 -2.93623
0.543 -2.90915
0.547 -2.88189
0.551 -2.85446
0.555 -2.82687
0.559 -2.79913
0.563 -2.77123
0.567 -2.7432
0.571 -2.71503
0.575 -2.68674
0.579 -2.65833
0.583 -2.6298
0.587 -2.60118
0.591 -2.57245
0.595 -2.54364
0.599 -2.51474
0.603 -2.48578
0.607 -2.45674
0.611 -2.42765
0.615 -2.3985
0.619 -2.36931
0.623 -2.34008
0.627 -2.31082
0.631 -2.28154
0.635 -2.25224
0.639 -2.22293
0.643 -2.19363
0.647 -2.16432
0.651 -2.13504
0.655 -2.10577
0.659 -2.07653
0.663 -2.04732
0.667 -2.01816
0.671 -1.98905
0.675 -1.95999
0.679 -1.93099
0.683 -1.90206
0.687 -1.8732
0.691 -1.84443
0.695 -1.81575
0.699 -1.78716
0.703 -1.75867
0.707 -1.73029
0.711 -1.70202
0.715 -1.67387
0.719 -1.64585
0.723 -1.61796
0.727 -1.5902
0.731 -1.56259
0.735 -1.53513
0.739 -1.50781
0.743 -1.48066
0.747 -1.45367
0.755 -1.4002
0.763 -1.34744
0.771 -1.29543
0.779 -1.24419
0.787 -1.19377
0.795 -1.14418
0.803 -1.09545
0.811 -1.04761
0.819 -1.00068
0.827 -0.954666
0.835 -0.909594
0.843 -0.865472
0.851 -0.822312
0.859 -0.780119
0.867 -0.7389
0.875 -0.698657
0.883 -0.65939
0.891 -0.621098
0.899 -0.583777
0.907 -0.547422
0.915 -0.512024
0.923 -0.477574
0.931 -0.444062
0.935 -0.427654
0.939 -0.411476
0.943 -0.395525
0.947 -0.379801
0.951 -0.364301
0.955 -0.349023
0.959 -0.333966
0.963 -0.319126
0.967 -0.304503
0.971 -0.290094
0.975 -0.275896
0.979 -0.261907
0.983 -0.248126
0.987 -0.234549
0.991 -0.221175
0.995 -0.208
0.999 -0.195023
1.003 -0.182241
1.007 -0.169651
1.011 -0.157252
1.015 -0.145039
1.019 -0.133012
1.023 -0.121167
1.027 -0.109502
1.031 -0.0980138
1.035 -0.0867006
1.039 -0.0755595
1.043 -0.0645881
1.047 -0.0537837
1.051 -0.0431439
1.055 -0.0326661
1.059 -0.0223478
1.063 -0.0121865
1.067 -0.00217973
1.071 0.007675
1.075 0.0173801
1.079 0.0269381
1.083 0.0363513
1.087 0.0456221
1.091 0.0547529
1.095 0.0637461
1.099 0.0726039
1.103 0.0813286
1.107 0.0899226
1.111 0.0983879
1.115 0.106727
1.119 0.114942
1.123 0.123035
1.127 0.131007
1.131 0.138862
1.135 0.146602
1.139 0.154227
1.143 0.161741
1.147 0.169145
1.151 0.176441
1.155 0.183631
1.159 0.190717
1.163 0.197701
1.167 0.204584
1.171 0.211369
1.175 0.218057
1.179 0.224649
1.183 0.231148
1.187 0.237555
1.191 0.243872
1.195 0.2501
1.199 0.256241
1.203 0.262296
1.207 0.268267
1.215 0.279962
1.223 0.291338
1.231 0.302406
1.239 0.313175
1.247 0.323657
1.255 0.333859
1.263 0.343793
1.271 0.353466
1.279 0.362887
1.287 0.372064
1.295 0.381004
1.303 0.389715
1.311 0.398205
1.319 0.406479
1.327 0.414544
1.335 0.422406
1.343 0.430072
1.351 0.437546
1.359 0.444834
1.367 0.451941
1.375 0.458872
1.383 0.465633
1.391 0.472226
1.399 0.478657
1.407 0.484929
1.415 0.491047
1.423 0.497014
1.431 0.502834
1.439 0.50851
1.447 0.514046
1.455 0.519445
1.463 0.524709
1.471 0.529843
1.479 0.534848
1.487 0.539727
1.495 0.544483
1.503 0.549119
1.511 0.553637
1.519 0.558039
1.527 0.562327
1.535 0.566504
1.543 0.570572
1.551 0.574533
1.559 0.578388
1.567 0.582141
1.575 0.585791
1.591 0.592796
1.607 0.599415
1.623 0.605663
1.639 0.611551
1.655 0.617091
1.671 0.622294
1.687 0.627172
1.703 0.631733
1.719 0.635989
1.735 0.639948
1.751 0.643619
1.767 0.647011
1.783 0.650132
1.799 0.652991
1.815 0.655595
1.831 0.657952
1.847 0.660069
1.863 0.661954
1.879 0.663613
1.895 0.665053
1.911 0.666281
1.927 0.667304
1.943 0.668126
1.959 0.668756
1.975 0.669198
1.991 0.669458
2.007 0.669542
2.023 0.669455
2.039 0.669203
2.055 0.668791
2.071 0.668224
2.087 0.667508
2.103 0.666646
2.119 0.665644
2.135 0.664506
2.151 0.663238
2.167 0.661842
2.183 0.660324
2.199 0.658688
2.215 0.656938
2.231 0.655078
2.247 0.653112
2.263 0.651043
2.279 0.648876
2.295 0.646613
2.311 0.644259
2.327 0.641818
2.359 0.636683
2.391 0.631236
2.423 0.625501
2.455 0.619501
2.487 0.613259
2.519 0.606796
2.551 0.600132
2.583 0.593286
2.615 0.586276
2.647 0.579119
2.679 0.571831
2.711 0.564427
2.743 0.556923
2.775 0.549332
2.807 0.541666
2.839 0.533938
2.871 0.52616
2.903 0.518342
2.935 0.510494
2.967 0.502627
2.999 0.494748
3.031 0.486868
3.063 0.478993
3.095 0.471131
3.127 0.463289
3.159 0.455474
3.191 0.447692
3.223 0.439948
3.255 0.432248
3.287 0.424596
3.319 0.416998
3.351 0.409457
3.383 0.401978
3.415 0.394564
3.447 0.387218
3.479 0.379944
3.511 0.372744
3.543 0.36562
3.575 0.358576
3.607 0.351612
3.639 0.344732
3.671 0.337937
3.703 0.331227
3.735 0.324605
3.767 0.318072
3.799 0.311629
3.831 0.305276
3.863 0.299014
3.895 0.292843
3.927 0.286765
3.959 0.28078
3.991 0.274887
4.023 0.269087
4.087 0.257765
4.151 0.246812
4.215 0.236228
4.279 0.226007
4.343 0.216146
4.407 0.206639
4.471 0.19748
4.535 0.188663
4.599 0.18018
4.663 0.172024
4.727 0.164187
4.791 0.156661
4.855 0.149437
4.919 0.142506
4.983 0.135861
5.047 0.129492
5.111 0.123391
5.175 0.117548
5.239 0.111956
5.303 0.106605
5.367 0.101488
5.431 0.096595
5.495 0.0919189
5.559 0.0874514
5.623 0.0831846
5.687 0.0791108
5.751 0.0752224
5.815 0.071512
5.879 0.0679726
5.943 0.0645973
6.007 0.0613792
6.071 0.0583118
6.135 0.0553889
6.199 0.0526043
6.263 0.0499521
6.327 0.0474265
6.391 0.0450222
6.455 0.0427336
6.519 0.0405558
6.583 0.0384838
6.647 0.0365128
6.711 0.0346383
6.775 0.0328559
6.839 0.0311613
6.903 0.0295506
6.967 0.0280199
7.031 0.0265653
7.095 0.0251834
7.159 0.0238708
7.223 0.0226241
7.287 0.0214403
7.351 0.0203163
7.415 0.0192492
7.479 0.0182364
7.543 0.0172752
7.607 0.016363
7.671 0.0154976
7.735 0.0146766
7.799 0.0138978
7.863 0.0131592
7.927 0.0124587
8.055 0.0111648
8.183 0.010002
8.311 0.00895741
8.439 0.00801945
8.567 0.00717758
8.695 0.00642225
8.823 0.0057448
8.951 0.00513744
9.079 0.00459309
9.207 0.00410539
9.335 0.00366857
9.463 0.00327746
9.591 0.00292737
9.719 0.0026141
9.847 0.00233384
9.975 0.0020832
10.103 0.00185909
10.231 0.00165876
10.359 0.00147974
10.487 0.00131979
10.615 0.00117691
10.743 0.00104931
10.871 0.000935388
10.999 0.000833692
11.127 0.00074293
11.255 0.000661943
11.383 0.000589693
11.511 0.000525248
11.639 0.000467777
11.767 0.000416533
11.895 0.000370851
12.023 0.000330133
12.151 0.000293846
12.279 0.000261513
12.407 0.000232708
12.663 0.000184198
12.919 0.00014573
13.175 0.000115242
13.431 9.10927e-05
13.687 7.19731e-05
13.943 5.68433e-05
14.199 4.48765e-05
14.455 3.54156e-05
14.711 2.79391e-05
14.967 2.20332e-05
15.223 1.73699e-05
15.479 1.36892e-05
15.735 1.0785e-05
15.991 8.4944e-06
