0 1
0.1 0.666964
0.2 0.181846
0.3 -0.129987
0.4 -0.275935
0.5 -0.317063
0.6 -0.303057
0.7 -0.264798
0.8 -0.219225
0.9 -0.174751
1 -0.135043
1.1 -0.101286
1.2 -0.073456
1.3 -0.0509991
1.4 -0.0331781
1.5 -0.0192415
1.6 -0.00849899
1.7 -0.000348393
1.8 0.00572002
1.9 0.0101298
2 0.0132288
2.1 0.0153
2.2 0.0165724
2.3 0.0172302
2.4 0.0174208
2.5 0.0172618
2.6 0.0168464
2.7 0.0162481
2.8 0.0155247
2.9 0.0147209
3 0.0138716
3.1 0.0130031
3.2 0.0121354
3.3 0.0112833
3.4 0.0104574
3.5 0.00966514
3.6 0.00891151
3.7 0.00819948
3.8 0.00753056
3.9 0.00690511
4 0.00632265
4.1 0.00578208
4.2 0.00528188
4.3 0.00482021
4.4 0.00439505
4.5 0.00400427
4.6 0.00364569
4.7 0.00331717
4.8 0.00301657
4.9 0.00274184
5 0.00249102
5.1 0.00226224
5.2 0.00205373
5.3 0.00186384
5.4 0.00169101
5.5 0.00153381
5.6 0.00139089
5.7 0.00126102
5.8 0.00114306
5.9 0.00103595
6 0.000938734
6.1 0.000850521
6.2 0.0007705
6.3 0.000697927
6.4 0.000632125
6.5 0.000572473
6.6 0.000518407
6.7 0.000469411
6.8 0.000425017
6.9 0.000384797
7 0.000348364
7.1 0.000315364
7.2 0.000285477
7.3 0.000258412
7.4 0.000233904
7.5 0.000211713
7.6 0.000191622
7.7 0.000173432
7.8 0.000156965
7.9 0.000142059
8 0.000128565
8.1 0.000116351
8.2 0.000105295
8.3 9.5289e-05
8.4 8.62323e-05
8.5 7.80355e-05
8.6 7.06169e-05
8.7 6.3903e-05
8.8 5.78269e-05
8.9 5.23281e-05
9 4.73518e-05
9.1 4.28485e-05
9.2 3.87732e-05
9.3 3.50853e-05
9.4 3.1748e-05
9.5 2.8728e-05
9.6 2.59952e-05
9.7 2.35223e-05
9.8 2.12845e-05
9.9 1.92596e-05
10 1.74272e-05
10.1 1.57692e-05
10.2 1.42689e-05
10.3 1.29113e-05
10.4 1.16828e-05
10.5 1.05712e-05
10.6 9.56536e-06
10.7 8.65521e-06
10.8 7.83165e-06
10.9 7.08644e-06
11 6.41214e-06
11.1 5.802e-06
11.2 5.2499e-06
11.3 4.75034e-06
11.4 4.29832e-06
11.5 3.8893e-06
11.6 3.5192e-06
11.7 3.18432e-06
11.8 2.88131e-06
11.9 2.60712e-06
12 2.35903e-06
12.1 2.13455e-06
12.2 1.93142e-06
12.3 1.74763e-06
12.4 1.58132e-06
12.5 1.43084e-06
12.6 1.29468e-06
12.7 1.17148e-06
12.8 1.06e-06
12.9 9.5913e-07
13 8.67858e-07
13.1 7.85271e-07
13.2 7.10544e-07
13.3 6.42927e-07
13.4 5.81745e-07
13.5 5.26385e-07
13.6 4.76293e-07
13.7 4.30968e-07
13.8 3.89956e-07
13.9 3.52847e-07
14 3.1927e-07
14.1 2.88887e-07
14.2 2.61396e-07
14.3 2.36521e-07
14.4 2.14013e-07
14.5 1.93647e-07
14.6 1.75219e-07
14.7 1.58545e-07
14.8 1.43457e-07
14.9 1.29806e-07
15 1.17453e-07
15.1 1.06276e-07
15.2 9.61625e-08
15.3 8.70114e-08
15.4 7.87312e-08
15.5 7.12389e-08
15.6 6.44597e-08
15.7 5.83255e-08
15.8 5.27751e-08
15.9 4.77529e-08
16 4.32086e-08
