0 -28.4937
0.1 -21.2464
0.2 -15.511
0.3 -10.9946
0.4 -7.45902
0.5 -4.71117
0.6 -2.59424
0.7 -0.981232
0.8 0.23064
0.9 1.12444
1 1.76718
1.1 2.21286
1.2 2.50485
1.3 2.67795
1.4 2.76
1.5 2.77317
1.6 2.73508
1.7 2.65969
1.8 2.55796
1.9 2.43847
2 2.30789
2.1 2.17134
2.2 2.03272
2.3 1.89497
2.4 1.76023
2.5 1.63005
2.6 1.50549
2.7 1.38725
2.8 1.27572
2.9 1.17109
3 1.07338
3.1 0.982478
3.2 0.898187
3.3 0.82025
3.4 0.748363
3.5 0.682199
3.6 0.621415
3.7 0.565666
3.8 0.514608
3.9 0.467907
4 0.425238
4.1 0.386293
4.2 0.350778
4.3 0.318417
4.4 0.28895
4.5 0.262137
4.6 0.237751
4.7 0.215584
4.8 0.195444
4.9 0.177152
5 0.160545
5.1 0.145473
5.2 0.131798
5.3 0.119394
5.4 0.108145
5.5 0.0979465
5.6 0.0887014
5.7 0.0803224
5.8 0.0727295
5.9 0.0658499
6 0.0596175
6.1 0.053972
6.2 0.0488587
6.3 0.0442279
6.4 0.0400343
6.5 0.0362371
6.6 0.0327989
6.7 0.0296861
6.8 0.0268679
6.9 0.0243168
7 0.0220073
7.1 0.0199168
7.2 0.0180246
7.3 0.0163118
7.4 0.0147616
7.5 0.0133586
7.6 0.0120887
7.7 0.0109395
7.8 0.00989936
7.9 0.00895807
8 0.00810622
8.1 0.00733533
8.2 0.00663769
8.3 0.00600638
8.4 0.00543507
8.5 0.00491809
8.6 0.00445026
8.7 0.00402691
8.8 0.00364383
8.9 0.00329718
9 0.00298349
9.1 0.00269964
9.2 0.0024428
9.3 0.00221038
9.4 0.00200007
9.5 0.00180977
9.6 0.00163757
9.7 0.00148176
9.8 0.00134077
9.9 0.00121319
10 0.00109775
10.1 0.000993296
10.2 0.000898779
10.3 0.000813255
10.4 0.000735869
10.5 0.000665846
10.6 0.000602486
10.7 0.000545155
10.8 0.000493279
10.9 0.000446339
11 0.000403866
11.1 0.000365434
11.2 0.000330659
11.3 0.000299194
11.4 0.000270722
11.5 0.00024496
11.6 0.00022165
11.7 0.000200557
11.8 0.000181472
11.9 0.000164203
12 0.000148577
12.1 0.000134438
12.2 0.000121645
12.3 0.000110069
12.4 9.95948e-05
12.5 9.01171e-05
12.6 8.15414e-05
12.7 7.37818e-05
12.8 6.67606e-05
12.9 6.04075e-05
13 5.4659e-05
13.1 4.94575e-05
13.2 4.4751e-05
13.3 4.04924e-05
13.4 3.66391e-05
13.5 3.31524e-05
13.6 2.99976e-05
13.7 2.71429e-05
13.8 2.45599e-05
13.9 2.22227e-05
14 2.0108e-05
14.1 1.81945e-05
14.2 1.6463e-05
14.3 1.48964e-05
14.4 1.34788e-05
14.5 1.21961e-05
14.6 1.10355e-05
14.7 9.98534e-06
14.8 9.03511e-06
14.9 8.1753e-06
15 7.39732e-06
15.1 6.69337e-06
15.2 6.05641e-06
15.3 5.48007e-06
15.4 4.95857e-06
15.5 4.4867e-06
15.6 4.05974e-06
15.7 3.6734e-06
15.8 3.32383e-06
15.9 3.00753e-06
16 2.72132e-06
