0 0.5
0.1 0.346519
0.2 0.0882939
0.3 -0.153593
0.4 -0.348185
0.5 -0.493302
0.6 -0.595142
0.7 -0.661552
0.8 -0.6999
0.9 -0.716504
1 -0.716578
1.1 -0.704339
1.2 -0.683156
1.3 -0.655698
1.4 -0.624055
1.5 -0.589853
1.6 -0.554343
1.7 -0.518476
1.8 -0.482962
1.9 -0.448322
2 -0.414926
2.1 -0.383029
2.2 -0.352792
2.3 -0.324306
2.4 -0.297608
2.5 -0.272697
2.6 -0.249538
2.7 -0.228077
2.8 -0.208244
2.9 -0.189959
3 -0.173136
3.1 -0.157687
3.2 -0.143522
3.3 -0.130552
3.4 -0.118692
3.5 -0.107859
3.6 -0.0979724
3.7 -0.0889584
3.8 -0.0807461
3.9 -0.0732694
4 -0.0664667
4.1 -0.0602805
4.2 -0.0546579
4.3 -0.0495496
4.4 -0.0449107
4.5 -0.0406993
4.6 -0.0368774
4.7 -0.0334099
4.8 -0.0302648
4.9 -0.0274128
5 -0.0248271
5.1 -0.0224833
5.2 -0.0203591
5.3 -0.0184343
5.4 -0.0166904
5.5 -0.0151105
5.6 -0.0136795
5.7 -0.0123834
5.8 -0.0112096
5.9 -0.0101466
6 -0.00918417
6.1 -0.00831273
6.2 -0.00752375
6.3 -0.00680948
6.4 -0.00616287
6.5 -0.00557754
6.6 -0.0050477
6.7 -0.00456811
6.8 -0.00413403
6.9 -0.00374114
7 -0.00338554
7.1 -0.00306371
7.2 -0.00277244
7.3 -0.00250884
7.4 -0.00227028
7.5 -0.00205439
7.6 -0.00185902
7.7 -0.00168221
7.8 -0.00152221
7.9 -0.00137742
8 -0.0012464
8.1 -0.00112784
8.2 -0.00102055
8.3 -0.000923461
8.4 -0.000835608
8.5 -0.00075611
8.6 -0.000684174
8.7 -0.00061908
8.8 -0.000560178
8.9 -0.00050688
9 -0.000458651
9.1 -0.000415011
9.2 -0.000375523
9.3 -0.000339791
9.4 -0.000307459
9.5 -0.000278204
9.6 -0.000251731
9.7 -0.000227778
9.8 -0.000206104
9.9 -0.000186491
10 -0.000168745
10.1 -0.000152688
10.2 -0.000138159
10.3 -0.000125012
10.4 -0.000113116
10.5 -0.000102352
10.6 -9.26119e-05
10.7 -8.3799e-05
10.8 -7.58247e-05
10.9 -6.86092e-05
11 -6.20803e-05
11.1 -5.61727e-05
11.2 -5.08272e-05
11.3 -4.59905e-05
11.4 -4.1614e-05
11.5 -3.76539e-05
11.6 -3.40707e-05
11.7 -3.08285e-05
11.8 -2.78948e-05
11.9 -2.52403e-05
12 -2.28384e-05
12.1 -2.0665e-05
12.2 -1.86985e-05
12.3 -1.69191e-05
12.4 -1.53091e-05
12.5 -1.38522e-05
12.6 -1.2534e-05
12.7 -1.13412e-05
12.8 -1.0262e-05
12.9 -9.28544e-06
13 -8.40181e-06
13.1 -7.60228e-06
13.2 -6.87883e-06
13.3 -6.22422e-06
13.4 -5.63191e-06
13.5 -5.09596e-06
13.6 -4.61102e-06
13.7 -4.17222e-06
13.8 -3.77518e-06
13.9 -3.41593e-06
14 -3.09086e-06
14.1 -2.79673e-06
14.2 -2.53058e-06
14.3 -2.28977e-06
14.4 -2.07187e-06
14.5 -1.8747e-06
14.6 -1.6963e-06
14.7 -1.53488e-06
14.8 -1.38881e-06
14.9 -1.25665e-06
15 -1.13706e-06
15.1 -1.02886e-06
15.2 -9.3095e-07
15.3 -8.42358e-07
15.4 -7.62197e-07
15.5 -6.89665e-07
15.6 -6.24034e-07
15.7 -5.6465e-07
15.8 -5.10916e-07
15.9 -4.62296e-07
16 -4.18303e-07
