0 0.5
0.1 0.389504
0.2 0.145098
0.3 0.00878652
0.4 0.129288
0.5 0.444157
0.6 0.779083
0.7 1.0057
0.8 1.0834
0.9 1.03228
1 0.896013
1.1 0.717748
1.2 0.530054
1.3 0.353462
1.4 0.198705
1.5 0.0697927
1.6 -0.0333376
1.7 -0.112901
1.8 -0.172039
1.9 -0.214096
2 -0.242242
2.1 -0.259295
2.2 -0.267667
2.3 -0.269369
2.4 -0.266047
2.5 -0.259032
2.6 -0.249387
2.7 -0.23795
2.8 -0.225378
2.9 -0.21218
3 -0.198745
3.1 -0.185364
3.2 -0.172254
3.3 -0.159571
3.4 -0.147423
3.5 -0.13588
3.6 -0.124985
3.7 -0.114758
3.8 -0.105202
3.9 -0.0963081
4 -0.0880579
4.1 -0.0804271
4.2 -0.0733866
4.3 -0.066905
4.4 -0.0609492
4.5 -0.0554856
4.6 -0.050481
4.7 -0.0459027
4.8 -0.0417192
4.9 -0.0379003
5 -0.0344174
5.1 -0.0312435
5.2 -0.0283533
5.3 -0.0257231
5.4 -0.0233308
5.5 -0.0211561
5.6 -0.0191801
5.7 -0.0173854
5.8 -0.015756
5.9 -0.0142771
6 -0.0129352
6.1 -0.011718
6.2 -0.0106141
6.3 -0.00961321
6.4 -0.00870592
6.5 -0.00788361
6.6 -0.00713843
6.7 -0.00646325
6.8 -0.00585157
6.9 -0.00529749
7 -0.00479564
7.1 -0.00434113
7.2 -0.00392954
7.3 -0.00355684
7.4 -0.00321938
7.5 -0.00291385
7.6 -0.00263724
7.7 -0.00238683
7.8 -0.00216015
7.9 -0.00195496
8 -0.00176923
8.1 -0.00160112
8.2 -0.00144896
8.3 -0.00131124
8.4 -0.0011866
8.5 -0.00107379
8.6 -0.000971697
8.7 -0.000879303
8.8 -0.000795688
8.9 -0.000720019
9 -0.000651542
9.1 -0.000589574
9.2 -0.000533496
9.3 -0.00048275
9.4 -0.000436829
9.5 -0.000395274
9.6 -0.000357672
9.7 -0.000323645
9.8 -0.000292854
9.9 -0.000264992
10 -0.000239781
10.1 -0.000216967
10.2 -0.000196324
10.3 -0.000177644
10.4 -0.000160742
10.5 -0.000145447
10.6 -0.000131608
10.7 -0.000119085
10.8 -0.000107754
10.9 -9.75005e-05
11 -8.82228e-05
11.1 -7.98279e-05
11.2 -7.22318e-05
11.3 -6.53585e-05
11.4 -5.91391e-05
11.5 -5.35116e-05
11.6 -4.84195e-05
11.7 -4.3812e-05
11.8 -3.96429e-05
11.9 -3.58705e-05
12 -3.2457e-05
12.1 -2.93684e-05
12.2 -2.65737e-05
12.3 -2.4045e-05
12.4 -2.17568e-05
12.5 -1.96864e-05
12.6 -1.7813e-05
12.7 -1.61179e-05
12.8 -1.45841e-05
12.9 -1.31963e-05
13 -1.19405e-05
13.1 -1.08042e-05
13.2 -9.77608e-06
13.3 -8.84577e-06
13.4 -8.00399e-06
13.5 -7.24231e-06
13.6 -6.55312e-06
13.7 -5.92951e-06
13.8 -5.36525e-06
13.9 -4.85468e-06
14 -4.3927e-06
14.1 -3.97468e-06
14.2 -3.59644e-06
14.3 -3.25419e-06
14.4 -2.94452e-06
14.5 -2.66431e-06
14.6 -2.41077e-06
14.7 -2.18135e-06
14.8 -1.97377e-06
14.9 -1.78594e-06
15 -1.61599e-06
15.1 -1.46221e-06
15.2 -1.32306e-06
15.3 -1.19715e-06
15.4 -1.08323e-06
15.5 -9.80146e-07
15.6 -8.86873e-07
15.7 -8.02476e-07
15.8 -7.26111e-07
15.9 -6.57012e-07
16 -5.94489e-07
