0 0.4
0.1 -5.56283
0.2 -4.3783
0.3 -2.41675
0.4 -1.01201
0.5 -0.206094
0.6 0.19385
0.7 0.358465
0.8 0.398983
0.9 0.379845
1 0.335914
1.1 0.28501
1.2 0.235633
1.3 0.191379
1.4 0.153369
1.5 0.12154
1.6 0.095319
1.7 0.0739604
1.8 0.0567079
1.9 0.0428671
2 0.0318308
2.1 0.0230828
2.2 0.0161917
2.3 0.0108009
2.4 0.00661747
2.5 0.00340236
2.6 0.000960884
2.7 -0.000864895
2.8 -0.00220282
2.9 -0.00315612
3 -0.00380798
3.1 -0.00422525
3.2 -0.0044615
3.3 -0.00455957
3.4 -0.00455357
3.5 -0.00447059
3.6 -0.00433199
3.7 -0.00415459
3.8 -0.0039515
3.9 -0.00373289
4 -0.00350654
4.1 -0.00327838
4.2 -0.00305279
4.3 -0.00283301
4.4 -0.00262133
4.5 -0.00241929
4.6 -0.00222789
4.7 -0.00204766
4.8 -0.00187882
4.9 -0.00172133
5 -0.00157497
5.1 -0.00143937
5.2 -0.00131409
5.3 -0.00119861
5.4 -0.00109238
5.5 -0.000994846
5.6 -0.000905428
5.7 -0.000823566
5.8 -0.000748715
5.9 -0.000680349
6 -0.000617966
6.1 -0.000561091
6.2 -0.000509279
6.3 -0.00046211
6.4 -0.000419195
6.5 -0.000380172
6.6 -0.000344705
6.7 -0.000312484
6.8 -0.000283224
6.9 -0.000256662
7 -0.000232557
7.1 -0.000210687
7.2 -0.000190852
7.3 -0.000172865
7.4 -0.000156559
7.5 -0.000141778
7.6 -0.000128382
7.7 -0.000116244
7.8 -0.000105246
7.9 -9.52833e-05
8 -8.62592e-05
8.1 -7.80859e-05
8.2 -7.0684e-05
8.3 -6.39813e-05
8.4 -5.79121e-05
8.5 -5.24169e-05
8.6 -4.74418e-05
8.7 -4.29378e-05
8.8 -3.88605e-05
8.9 -3.51695e-05
9 -3.18286e-05
9.1 -2.88045e-05
9.2 -2.60673e-05
9.3 -2.35899e-05
9.4 -2.13476e-05
9.5 -1.93183e-05
9.6 -1.74817e-05
9.7 -1.58195e-05
9.8 -1.43153e-05
9.9 -1.2954e-05
10 -1.1722e-05
10.1 -1.06072e-05
10.2 -9.59829e-06
10.3 -8.68533e-06
10.4 -7.85917e-06
10.5 -7.11156e-06
10.6 -6.43504e-06
10.7 -5.82286e-06
10.8 -5.2689e-06
10.9 -4.76763e-06
11 -4.31404e-06
11.1 -3.90359e-06
11.2 -3.53219e-06
11.3 -3.19611e-06
11.4 -2.89201e-06
11.5 -2.61684e-06
11.6 -2.36785e-06
11.7 -2.14254e-06
11.8 -1.93867e-06
11.9 -1.7542e-06
12 -1.58728e-06
12.1 -1.43625e-06
12.2 -1.29958e-06
12.3 -1.17591e-06
12.4 -1.06402e-06
12.5 -9.62769e-07
12.6 -8.71154e-07
12.7 -7.88256e-07
12.8 -7.13247e-07
12.9 -6.45375e-07
13 -5.83961e-07
13.1 -5.28391e-07
13.2 -4.7811e-07
13.3 -4.32613e-07
13.4 -3.91445e-07
13.5 -3.54195e-07
13.6 -3.20489e-07
13.7 -2.89991e-07
13.8 -2.62395e-07
13.9 -2.37425e-07
14 -2.14832e-07
14.1 -1.94388e-07
14.2 -1.7589e-07
14.3 -1.59152e-07
14.4 -1.44006e-07
14.5 -1.30303e-07
14.6 -1.17903e-07
14.7 -1.06683e-07
14.8 -9.65307e-08
14.9 -8.73446e-08
15 -7.90327e-08
15.1 -7.15118e-08
15.2 -6.47066e-08
15.3 -5.85489e-08
15.4 -5.29773e-08
15.5 -4.79358e-08
15.6 -4.33742e-08
15.7 -3.92466e-08
15.8 -3.55118e-08
15.9 -3.21324e-08
16 -2.90746e-08
