0 1
0.1 0.666964
0.2 -0.233646
0.3 -0.998513
0.4 -0.969841
0.5 -0.349225
0.6 0.315724
0.7 0.699938
0.8 0.766581
0.9 0.623462
1 0.396658
1.1 0.174369
1.2 -0.000235748
1.3 -0.116372
1.4 -0.180588
1.5 -0.205798
1.6 -0.205137
1.7 -0.189335
1.8 -0.166112
1.9 -0.140512
2 -0.115537
2.1 -0.0927774
2.2 -0.0729146
2.3 -0.0560895
2.4 -0.042146
2.5 -0.030786
2.6 -0.0216611
2.7 -0.0144238
2.8 -0.00875356
2.9 -0.00436748
3 -0.00102318
3.1 0.00148317
3.2 0.00332067
3.3 0.00462822
3.4 0.00551904
3.5 0.0060849
3.6 0.00639976
3.7 0.00652297
3.8 0.00650192
3.9 0.00637427
4 0.00616982
4.1 0.00591195
4.2 0.00561896
4.3 0.00530499
4.4 0.00498089
4.5 0.00465487
4.6 0.00433305
4.7 0.0040199
4.8 0.00371857
4.9 0.0034312
5 0.00315911
5.1 0.00290305
5.2 0.00266328
5.3 0.00243972
5.4 0.00223201
5.5 0.00203963
5.6 0.00186193
5.7 0.00169817
5.8 0.00154756
5.9 0.00140929
6 0.00128254
6.1 0.00116653
6.2 0.00106046
6.3 0.000963583
6.4 0.000875196
6.5 0.000794621
6.6 0.000721222
6.7 0.000654405
6.8 0.000593618
6.9 0.000538346
7 0.000488112
7.1 0.000442479
7.2 0.00040104
7.3 0.000363423
7.4 0.000329287
7.5 0.000298318
7.6 0.000270229
7.7 0.000244759
7.8 0.000221669
7.9 0.000200739
8 0.000181771
8.1 0.000164584
8.2 0.000149012
8.3 0.000134906
8.4 0.000122128
8.5 0.000110556
8.6 0.000100076
8.7 9.05856e-05
8.8 8.19925e-05
8.9 7.42122e-05
9 6.71682e-05
9.1 6.07913e-05
9.2 5.50185e-05
9.3 4.97928e-05
9.4 4.50626e-05
9.5 4.0781e-05
9.6 3.69057e-05
9.7 3.33982e-05
9.8 3.02236e-05
9.9 2.73505e-05
10 2.47502e-05
10.1 2.23969e-05
10.2 2.02672e-05
10.3 1.83399e-05
10.4 1.65957e-05
10.5 1.50174e-05
10.6 1.3589e-05
10.7 1.22965e-05
10.8 1.11268e-05
10.9 1.00683e-05
11 9.11055e-06
11.1 8.24384e-06
11.2 7.45956e-06
11.3 6.74987e-06
11.4 6.10769e-06
11.5 5.52659e-06
11.6 5.00077e-06
11.7 4.52496e-06
11.8 4.09442e-06
11.9 3.70484e-06
12 3.35233e-06
12.1 3.03335e-06
12.2 2.74472e-06
12.3 2.48355e-06
12.4 2.24723e-06
12.5 2.03339e-06
12.6 1.8399e-06
12.7 1.66482e-06
12.8 1.5064e-06
12.9 1.36306e-06
13 1.23335e-06
13.1 1.11599e-06
13.2 1.00979e-06
13.3 9.137e-07
13.4 8.26753e-07
13.5 7.48079e-07
13.6 6.76892e-07
13.7 6.12479e-07
13.8 5.54195e-07
13.9 5.01457e-07
14 4.53738e-07
14.1 4.1056e-07
14.2 3.71491e-07
14.3 3.36139e-07
14.4 3.04152e-07
14.5 2.75208e-07
14.6 2.49019e-07
14.7 2.25322e-07
14.8 2.0388e-07
14.9 1.84478e-07
15 1.66923e-07
15.1 1.51038e-07
15.2 1.36665e-07
15.3 1.2366e-07
15.4 1.11892e-07
15.5 1.01244e-07
15.6 9.16094e-08
15.7 8.28917e-08
15.8 7.50035e-08
15.9 6.7866e-08
16 6.14077e-08
