0 0.5
0.1 -2.23917
0.2 -2.59771
0.3 -0.501049
0.4 2.40642
0.5 3.67771
0.6 3.12523
0.7 1.66571
0.8 0.152319
0.9 -0.97974
1 -1.63474
1.1 -1.88928
1.2 -1.87027
1.3 -1.69385
1.4 -1.44539
1.5 -1.1795
1.6 -0.927057
1.7 -0.703015
1.8 -0.512585
1.9 -0.355561
2 -0.229057
2.1 -0.129111
2.2 -0.0515671
2.3 0.00747641
2.4 0.0514798
2.5 0.0834063
2.6 0.105738
2.7 0.120523
2.8 0.129432
2.9 0.133819
3 0.134771
3.1 0.133158
3.2 0.129668
3.3 0.124848
3.4 0.119125
3.5 0.112831
3.6 0.106222
3.7 0.0994932
3.8 0.0927926
3.9 0.086228
4 0.0798774
4.1 0.0737949
4.2 0.0680159
4.3 0.0625615
4.4 0.0574415
4.5 0.0526577
4.6 0.0482054
4.7 0.0440756
4.8 0.0402558
4.9 0.0367316
5 0.0334872
5.1 0.030506
5.2 0.0277713
5.3 0.0252663
5.4 0.0229747
5.5 0.0208807
5.6 0.0189693
5.7 0.017226
5.8 0.0156374
5.9 0.0141908
6 0.0128744
6.1 0.011677
6.2 0.0105886
6.3 0.00959961
6.4 0.00870135
6.5 0.00788581
6.6 0.00714561
6.7 0.00647399
6.8 0.00586477
6.9 0.00531228
7 0.00481135
7.1 0.00435725
7.2 0.00394569
7.3 0.00357273
7.4 0.00323481
7.5 0.00292867
7.6 0.00265135
7.7 0.00240018
7.8 0.0021727
7.9 0.0019667
8 0.00178016
8.1 0.00161127
8.2 0.00145835
8.3 0.00131991
8.4 0.00119459
8.5 0.00108114
8.6 0.00097844
8.7 0.000885483
8.8 0.000801343
8.9 0.000725188
9 0.000656262
9.1 0.000593879
9.2 0.000537421
9.3 0.000486324
9.4 0.000440082
9.5 0.000398234
9.6 0.000360362
9.7 0.00032609
9.8 0.000295076
9.9 0.000267009
10 0.000241611
10.1 0.000218628
10.2 0.000197831
10.3 0.000179011
10.4 0.000161981
10.5 0.000146571
10.6 0.000132626
10.7 0.000120008
10.8 0.00010859
10.9 9.8258e-05
11 8.89091e-05
11.1 8.04495e-05
11.2 7.27948e-05
11.3 6.58683e-05
11.4 5.96008e-05
11.5 5.39296e-05
11.6 4.8798e-05
11.7 4.41546e-05
11.8 3.99531e-05
11.9 3.61513e-05
12 3.27112e-05
12.1 2.95985e-05
12.2 2.6782e-05
12.3 2.42335e-05
12.4 2.19274e-05
12.5 1.98408e-05
12.6 1.79528e-05
12.7 1.62444e-05
12.8 1.46986e-05
12.9 1.32999e-05
13 1.20343e-05
13.1 1.08891e-05
13.2 9.85285e-06
13.3 8.91525e-06
13.4 8.06686e-06
13.5 7.29921e-06
13.6 6.6046e-06
13.7 5.9761e-06
13.8 5.40741e-06
13.9 4.89283e-06
14 4.42722e-06
14.1 4.00591e-06
14.2 3.6247e-06
14.3 3.27977e-06
14.4 2.96766e-06
14.5 2.68525e-06
14.6 2.42972e-06
14.7 2.1985e-06
14.8 1.98929e-06
14.9 1.79998e-06
15 1.62869e-06
15.1 1.4737e-06
15.2 1.33346e-06
15.3 1.20656e-06
15.4 1.09174e-06
15.5 9.87852e-07
15.6 8.93846e-07
15.7 8.08785e-07
15.8 7.31819e-07
15.9 6.62177e-07
16 5.99163e-07
