0 -28.4937
0.1 -21.2464
0.2 5.01215
0.3 30.5348
0.4 33.403
0.5 21.4943
0.6 6.45567
0.7 -5.38868
0.8 -12.4353
0.9 -15.3882
1 -15.5828
1.1 -14.2228
1.2 -12.1629
1.3 -9.92947
1.4 -7.80876
1.5 -5.93309
1.6 -4.34529
1.7 -3.04073
1.8 -1.99253
1.9 -1.16566
2 -0.524352
2.1 -0.0355534
2.2 0.329671
2.3 0.595887
2.4 0.78354
2.5 0.909421
2.6 0.987192
2.7 1.02789
2.8 1.04036
2.9 1.03168
3 1.00747
3.1 0.97217
3.2 0.929251
3.3 0.881429
3.4 0.830798
3.5 0.778959
3.6 0.727119
3.7 0.676172
3.8 0.626766
3.9 0.579353
4 0.534235
4.1 0.491595
4.2 0.451527
4.3 0.414055
4.4 0.379152
4.5 0.346755
4.6 0.316773
4.7 0.289098
4.8 0.263609
4.9 0.240178
5 0.218678
5.1 0.198978
5.2 0.180951
5.3 0.164475
5.4 0.149432
5.5 0.13571
5.6 0.123204
5.7 0.111814
5.8 0.101447
5.9 0.0920171
6 0.0834439
6.1 0.0756534
6.2 0.0685769
6.3 0.0621516
6.4 0.0563196
6.5 0.0510275
6.6 0.0462269
6.7 0.041873
6.8 0.0379253
6.9 0.0343466
7 0.0311029
7.1 0.0281634
7.2 0.0254999
7.3 0.0230869
7.4 0.020901
7.5 0.0189212
7.6 0.0171281
7.7 0.0155042
7.8 0.0140338
7.9 0.0127024
8 0.011497
8.1 0.0104057
8.2 0.00941769
8.3 0.00852332
8.4 0.00771373
8.5 0.00698091
8.6 0.0063176
8.7 0.00571723
8.8 0.00517384
8.9 0.00468204
9 0.00423694
9.1 0.00383411
9.2 0.00346955
9.3 0.00313963
9.4 0.00284106
9.5 0.00257086
9.6 0.00232635
9.7 0.00210508
9.8 0.00190485
9.9 0.00172365
10 0.00155969
10.1 0.00141131
10.2 0.00127705
10.3 0.00115556
10.4 0.00104562
10.5 0.000946138
10.6 0.00085612
10.7 0.000774664
10.8 0.000700958
10.9 0.000634263
11 0.000573913
11.1 0.000519305
11.2 0.000469892
11.3 0.00042518
11.4 0.000384723
11.5 0.000348115
11.6 0.00031499
11.7 0.000285017
11.8 0.000257895
11.9 0.000233355
12 0.000211149
12.1 0.000191057
12.2 0.000172876
12.3 0.000156425
12.4 0.00014154
12.5 0.000128071
12.6 0.000115884
12.7 0.000104856
12.8 9.48781e-05
12.9 8.58495e-05
13 7.76799e-05
13.1 7.02878e-05
13.2 6.35992e-05
13.3 5.7547e-05
13.4 5.20707e-05
13.5 4.71156e-05
13.6 4.2632e-05
13.7 3.85751e-05
13.8 3.49042e-05
13.9 3.15827e-05
14 2.85772e-05
14.1 2.58577e-05
14.2 2.33971e-05
14.3 2.11705e-05
14.4 1.91559e-05
14.5 1.7333e-05
14.6 1.56835e-05
14.7 1.41911e-05
14.8 1.28406e-05
14.9 1.16187e-05
15 1.0513e-05
15.1 9.51256e-06
15.2 8.60733e-06
15.3 7.78823e-06
15.4 7.04709e-06
15.5 6.37647e-06
15.6 5.76967e-06
15.7 5.22061e-06
15.8 4.72381e-06
15.9 4.27428e-06
16 3.86753e-06
