0 -0.4
0.1 -8.62463
0.2 -9.66078
0.3 -3.54987
0.4 4.83326
0.5 7.84858
0.6 5.90379
0.7 2.31428
0.8 -0.603859
0.9 -2.13764
1 -2.50504
1.1 -2.19202
1.2 -1.61472
1.3 -1.02817
1.4 -0.548923
1.5 -0.206463
1.6 0.0127956
1.7 0.137469
1.8 0.196718
1.9 0.21443
2 0.207997
2.1 0.189087
2.2 0.165016
2.3 0.140067
2.4 0.116538
2.5 0.0955037
2.6 0.0773221
2.7 0.0619565
2.8 0.0491753
2.9 0.0386672
3 0.0301053
3.1 0.0231799
3.2 0.0176136
3.3 0.0131656
3.4 0.00963181
3.5 0.00684124
3.6 0.00465227
3.7 0.00294834
3.8 0.00163404
3.9 0.000631554
4 -0.000122353
4.1 -0.000678946
4.2 -0.00107968
4.3 -0.00135798
4.4 -0.00154076
4.5 -0.00164961
4.6 -0.0017018
4.7 -0.00171111
4.8 -0.0016885
4.9 -0.00164262
5 -0.0015803
5.1 -0.00150687
5.2 -0.00142648
5.3 -0.00134232
5.4 -0.00125681
5.5 -0.00117179
5.6 -0.00108859
5.7 -0.00100818
5.8 -0.000931214
5.9 -0.000858135
6 -0.000789194
6.1 -0.000724507
6.2 -0.000664088
6.3 -0.000607873
6.4 -0.000555742
6.5 -0.000507536
6.6 -0.000463069
6.7 -0.000422139
6.8 -0.000384536
6.9 -0.000350045
7 -0.000318456
7.1 -0.00028956
7.2 -0.000263159
7.3 -0.000239061
7.4 -0.000217085
7.5 -0.00019706
7.6 -0.000178825
7.7 -0.000162233
7.8 -0.000147142
7.9 -0.000133424
8 -0.00012096
8.1 -0.00010964
8.2 -9.93624e-05
8.3 -9.00347e-05
8.4 -8.15714e-05
8.5 -7.38946e-05
8.6 -6.69328e-05
8.7 -6.06207e-05
8.8 -5.48989e-05
8.9 -4.97131e-05
9 -4.50138e-05
9.1 -4.0756e-05
9.2 -3.68987e-05
9.3 -3.34046e-05
9.4 -3.02399e-05
9.5 -2.73738e-05
9.6 -2.47784e-05
9.7 -2.24282e-05
9.8 -2.03002e-05
9.9 -1.83736e-05
10 -1.66294e-05
10.1 -1.50504e-05
10.2 -1.3621e-05
10.3 -1.23271e-05
10.4 -1.1156e-05
10.5 -1.00959e-05
10.6 -9.13645e-06
10.7 -8.26805e-06
10.8 -7.4821e-06
10.9 -6.77079e-06
11 -6.12704e-06
11.1 -5.54445e-06
11.2 -5.01721e-06
11.3 -4.54008e-06
11.4 -4.10829e-06
11.5 -3.71755e-06
11.6 -3.36395e-06
11.7 -3.04397e-06
11.8 -2.75442e-06
11.9 -2.49239e-06
12 -2.25529e-06
12.1 -2.04074e-06
12.2 -1.84659e-06
12.3 -1.6709e-06
12.4 -1.51193e-06
12.5 -1.36808e-06
12.6 -1.23791e-06
12.7 -1.12013e-06
12.8 -1.01355e-06
12.9 -9.17112e-07
13 -8.29848e-07
13.1 -7.50886e-07
13.2 -6.79437e-07
13.3 -6.14786e-07
13.4 -5.56286e-07
13.5 -5.03352e-07
13.6 -4.55455e-07
13.7 -4.12115e-07
13.8 -3.729e-07
13.9 -3.37415e-07
14 -3.05307e-07
14.1 -2.76255e-07
14.2 -2.49967e-07
14.3 -2.2618e-07
14.4 -2.04657e-07
14.5 -1.85182e-07
14.6 -1.6756e-07
14.7 -1.51615e-07
14.8 -1.37187e-07
14.9 -1.24132e-07
15 -1.12319e-07
15.1 -1.01631e-07
15.2 -9.19597e-08
15.3 -8.32087e-08
15.4 -7.52904e-08
15.5 -6.81256e-08
15.6 -6.16427e-08
15.7 -5.57767e-08
15.8 -5.04688e-08
15.9 -4.56661e-08
16 -4.13204e-08
