0 -0.2
0.1 -2.47698
0.2 -2.66163
0.3 -2.25159
0.4 -1.73255
0.5 -1.25372
0.6 -0.852723
0.7 -0.530985
0.8 -0.279207
0.9 -0.0859371
1 0.0596403
1.1 0.166909
1.2 0.243724
1.3 0.296544
1.4 0.330618
1.5 0.35019
1.6 0.358666
1.7 0.358766
1.8 0.352657
1.9 0.34205
2 0.328293
2.1 0.31244
2.2 0.295306
2.3 0.277519
2.4 0.259555
2.5 0.241769
2.6 0.224423
2.7 0.207701
2.8 0.191731
2.9 0.176592
3 0.162331
3.1 0.148966
3.2 0.136495
3.3 0.124902
3.4 0.114159
3.5 0.104231
3.6 0.0950782
3.7 0.0866576
3.8 0.0789246
3.9 0.0718344
4 0.0653427
4.1 0.0594064
4.2 0.0539839
4.3 0.0490356
4.4 0.0445239
4.5 0.0404136
4.6 0.0366714
4.7 0.0332665
4.8 0.0301703
4.9 0.0273561
5 0.0247994
5.1 0.0224776
5.2 0.0203698
5.3 0.0184569
5.4 0.0167215
5.5 0.0151473
5.6 0.0137199
5.7 0.0124258
5.8 0.0112527
5.9 0.0101896
6 0.00922622
6.1 0.00835339
6.2 0.00756269
6.3 0.00684646
6.4 0.00619777
6.5 0.00561029
6.6 0.0050783
6.7 0.00459659
6.8 0.00416044
6.9 0.00376557
7 0.00340808
7.1 0.00308446
7.2 0.0027915
7.3 0.00252632
7.4 0.0022863
7.5 0.00206904
7.6 0.0018724
7.7 0.00169443
7.8 0.00153336
7.9 0.00138758
8 0.00125565
8.1 0.00113625
8.2 0.0010282
8.3 0.000930419
8.4 0.000841929
8.5 0.000761852
8.6 0.000689387
8.7 0.000623811
8.8 0.000564471
8.9 0.000510774
9 0.000462183
9.1 0.000418213
9.2 0.000378425
9.3 0.000342422
9.4 0.000309843
9.5 0.000280364
9.6 0.000253688
9.7 0.00022955
9.8 0.000207709
9.9 0.000187945
10 0.000170062
10.1 0.00015388
10.2 0.000139238
10.3 0.000125989
10.4 0.000114
10.5 0.000103153
10.6 9.3337e-05
10.7 8.44554e-05
10.8 7.64188e-05
10.9 6.91469e-05
11 6.2567e-05
11.1 5.66132e-05
11.2 5.1226e-05
11.3 4.63513e-05
11.4 4.19405e-05
11.5 3.79495e-05
11.6 3.43382e-05
11.7 3.10705e-05
11.8 2.81139e-05
11.9 2.54385e-05
12 2.30178e-05
12.1 2.08274e-05
12.2 1.88454e-05
12.3 1.7052e-05
12.4 1.54293e-05
12.5 1.39611e-05
12.6 1.26325e-05
12.7 1.14304e-05
12.8 1.03426e-05
12.9 9.35841e-06
13 8.46785e-06
13.1 7.66203e-06
13.2 6.93289e-06
13.3 6.27314e-06
13.4 5.67618e-06
13.5 5.13602e-06
13.6 4.64726e-06
13.7 4.20502e-06
13.8 3.80486e-06
13.9 3.44278e-06
14 3.11516e-06
14.1 2.81871e-06
14.2 2.55048e-06
14.3 2.30777e-06
14.4 2.08815e-06
14.5 1.88944e-06
14.6 1.70964e-06
14.7 1.54694e-06
14.8 1.39973e-06
14.9 1.26653e-06
15 1.146e-06
15.1 1.03695e-06
15.2 9.38269e-07
15.3 8.48981e-07
15.4 7.6819e-07
15.5 6.95087e-07
15.6 6.28941e-07
15.7 5.69089e-07
15.8 5.14933e-07
15.9 4.65931e-07
16 4.21592e-07
