Изначальная система:
1  -0.5     0     0     0     0    | 0
1     3     2     0     0     0    | 1
0     1     3     2     0     0    | 2
0     0     1     3     2     0    | 3
0     0     0     1     3     2    | 4
0     0     0     0  -0.5     1    | 5


temp      num      denum
1         1         1
1  -0.5     0     0     0     0    | 0
0   3.5     2     0     0     0    | 1
0     1     3     2     0     0    | 2
0     0     1     3     2     0    | 3
0     0     0     1     3     2    | 4
0     0     0     0  -0.5     1    | 5


0.285714         1       3.5
1  -0.5     0     0     0     0    | 0
0   3.5     2     0     0     0    | 1
0     0 2.429     2     0     0    | 1.71429
0     0     1     3     2     0    | 3
0     0     0     1     3     2    | 4
0     0     0     0  -0.5     1    | 5


0.411765         1   2.42857
1  -0.5     0     0     0     0    | 0
0   3.5     2     0     0     0    | 1
0     0 2.429     2     0     0    | 1.71429
0     0     0 2.176     2     0    | 2.29412
0     0     0     1     3     2    | 4
0     0     0     0  -0.5     1    | 5


0.459459         1   2.17647
1  -0.5     0     0     0     0    | 0
0   3.5     2     0     0     0    | 1
0     0 2.429     2     0     0    | 1.71429
0     0     0 2.176     2     0    | 2.29412
0     0     0     0 2.081     2    | 2.94595
0     0     0     0  -0.5     1    | 5


-0.24026      -0.5   2.08108
1  -0.5     0     0     0     0    | 0
0   3.5     2     0     0     0    | 1
0     0 2.429     2     0     0    | 1.71429
0     0     0 2.176     2     0    | 2.29412
0     0     0     0 2.081     2    | 2.94595
0     0     0     0     0 1.481    | 5.70779


1.35088         2   1.48052
1  -0.5     0     0     0     0    | 0
0   3.5     2     0     0     0    | 1
0     0 2.429     2     0     0    | 1.71429
0     0     0 2.176     2     0    | 2.29412
0     0     0     0 2.081     0    | -4.76458
0     0     0     0     0 1.481    | 5.70779


0.961039         2   2.08108
1  -0.5     0     0     0     0    | 0
0   3.5     2     0     0     0    | 1
0     0 2.429     2     0     0    | 1.71429
0     0     0 2.176     0     0    | 6.87307
0     0     0     0 2.081     0    | -4.76458
0     0     0     0     0 1.481    | 5.70779


0.918919         2   2.17647
1  -0.5     0     0     0     0    | 0
0   3.5     2     0     0     0    | 1
0     0 2.429     0     0     0    | -4.6015
0     0     0 2.176     0     0    | 6.87307
0     0     0     0 2.081     0    | -4.76458
0     0     0     0     0 1.481    | 5.70779


0.823529         2   2.42857
1  -0.5     0     0     0     0    | 0
0   3.5     0     0     0     0    | 4.78947
0     0 2.429     0     0     0    | -4.6015
0     0     0 2.176     0     0    | 6.87307
0     0     0     0 2.081     0    | -4.76458
0     0     0     0     0 1.481    | 5.70779


-0.142857      -0.5       3.5
1     0     0     0     0     0    | 0.684211
0   3.5     0     0     0     0    | 4.78947
0     0 2.429     0     0     0    | -4.6015
0     0     0 2.176     0     0    | 6.87307
0     0     0     0 2.081     0    | -4.76458
0     0     0     0     0 1.481    | 5.70779


