1 0
0.540302 -0.841471
0.291927 -0.454649
0.157729 -0.245648
0.0852211 -0.132724
0.0460452 -0.0717111
0.0248783 -0.0387457
0.0134418 -0.0209344
0.00726264 -0.0113109
0.00392402 -0.0061113
0.00212016 -0.00330195
0.00114553 -0.00178405
0.00061893 -0.000963927
0.00033441 -0.000520812
0.000180682 -0.000281396
9.7623e-05 -0.000152039
5.2746e-05 -8.2147e-05
2.84988e-05 -4.43842e-05
1.53979e-05 -2.39809e-05
8.31955e-06 -1.29569e-05
4.49507e-06 -7.00066e-06
2.4287e-06 -3.78247e-06
1.31223e-06 -2.04368e-06
7.09001e-07 -1.1042e-06
3.83075e-07 -5.96604e-07
2.06976e-07 -3.22346e-07
1.1183e-07 -1.74165e-07
6.04219e-08 -9.41015e-08
3.26461e-08 -5.08433e-08
1.76388e-08 -2.74707e-08
9.53026e-09 -1.48425e-08
5.14922e-09 -8.01944e-09
2.78214e-09 -4.33292e-09
1.50319e-09 -2.34109e-09
8.12179e-10 -1.26489e-09
4.38822e-10 -6.83425e-10
2.37097e-10 -3.69256e-10
1.28104e-10 -1.9951e-10
6.92148e-11 -1.07796e-10
3.73969e-11 -5.82423e-11
2.02057e-11 -3.14684e-11
1.09172e-11 -1.70025e-11
5.89857e-12 -9.18647e-12
3.18701e-12 -4.96347e-12
1.72195e-12 -2.68178e-12
9.30373e-13 -1.44897e-12
5.02682e-13 -7.82882e-13
2.71601e-13 -4.22993e-13
1.46746e-13 -2.28544e-13
7.92874e-14 -1.23483e-13
