0 0.01
0.001 0.0158348
0.003 0.0271378
0.005 0.0379636
0.007 0.048326
0.009 0.0582384
0.011 0.067714
0.013 0.0767656
0.015 0.0854055
0.017 0.093646
0.019 0.101499
0.021 0.108975
0.023 0.116087
0.025 0.122845
0.027 0.12926
0.029 0.135341
0.031 0.1411
0.033 0.146546
0.035 0.151689
0.039 0.161101
0.043 0.16941
0.047 0.176683
0.051 0.182985
0.055 0.188379
0.059 0.192921
0.063 0.196667
0.067 0.199671
0.071 0.20198
0.075 0.203643
0.079 0.204704
0.083 0.205205
0.087 0.205186
0.091 0.204684
0.095 0.203736
0.099 0.202374
0.103 0.200631
0.107 0.198538
0.111 0.196121
0.115 0.193409
0.119 0.190426
0.123 0.187197
0.127 0.183744
0.131 0.180088
0.135 0.176249
0.139 0.172246
0.143 0.168097
0.147 0.163818
0.151 0.159424
0.155 0.154932
0.159 0.150354
0.163 0.145703
0.167 0.140992
0.171 0.136231
0.175 0.131432
0.179 0.126603
0.183 0.121756
0.187 0.116897
0.191 0.112036
0.195 0.107179
0.199 0.102334
0.203 0.0975071
0.207 0.092704
0.211 0.0879304
0.215 0.0831915
0.219 0.078492
0.223 0.0738361
0.227 0.0692279
0.231 0.064671
0.235 0.0601686
0.239 0.0557239
0.243 0.0513396
0.247 0.0470181
0.251 0.0427617
0.255 0.0385723
0.259 0.0344517
0.263 0.0304014
0.267 0.0264229
0.271 0.0225172
0.275 0.0186854
0.279 0.0149283
0.283 0.0112466
0.287 0.0076409
0.291 0.00411152
0.295 0.00065876
0.299 -0.00271719
0.303 -0.00601629
0.307 -0.00923856
0.311 -0.0123842
0.315 -0.0154533
0.319 -0.0184463
0.327 -0.0242054
0.335 -0.0296653
0.343 -0.0348309
0.351 -0.0397077
0.359 -0.0443021
0.367 -0.0486209
0.375 -0.0526713
0.383 -0.0564611
0.391 -0.0599981
0.399 -0.0632906
0.407 -0.0663467
0.415 -0.069175
0.423 -0.0717837
0.431 -0.0741813
0.439 -0.0763761
0.447 -0.0783765
0.455 -0.0801906
0.463 -0.0818265
0.471 -0.083292
0.479 -0.084595
0.487 -0.085743
0.495 -0.0867435
0.503 -0.0876034
0.519 -0.0889299
0.535 -0.0897758
0.551 -0.090191
0.567 -0.0902221
0.583 -0.0899121
0.599 -0.0893008
0.615 -0.0884248
0.631 -0.0873176
0.647 -0.0860098
0.663 -0.0845294
0.679 -0.0829016
0.695 -0.0811495
0.711 -0.0792939
0.727 -0.0773533
0.743 -0.0753447
0.759 -0.0732831
0.775 -0.0711819
0.791 -0.0690532
0.807 -0.0669075
0.823 -0.0647545
0.839 -0.0626023
0.855 -0.0604583
0.871 -0.0583289
0.887 -0.0562198
0.903 -0.0541356
0.919 -0.0520807
0.935 -0.0500586
0.951 -0.0480722
0.967 -0.0461242
0.983 -0.0442165
0.999 -0.042351
1.015 -0.0405289
1.031 -0.0387513
1.047 -0.037019
1.063 -0.0353325
1.079 -0.0336921
1.095 -0.0320979
1.111 -0.0305499
1.127 -0.0290479
1.143 -0.0275915
1.159 -0.0261803
1.175 -0.0248138
1.191 -0.0234913
1.207 -0.0222123
1.223 -0.0209759
1.239 -0.0197814
1.255 -0.0186279
1.271 -0.0175146
1.287 -0.0164406
1.319 -0.0144067
1.351 -0.012519
1.383 -0.0107698
1.415 -0.00915173
1.447 -0.00765737
1.479 -0.00627951
1.511 -0.00501116
1.543 -0.00384557
1.575 -0.00277626
1.607 -0.00179705
1.639 -0.000902023
1.671 -8.55892e-05
1.703 0.000657561
1.735 0.00133245
1.767 0.0019438
1.799 0.00249609
1.831 0.00299352
1.863 0.00344002
1.895 0.0038393
1.927 0.00419483
1.959 0.00450987
1.991 0.00478747
2.023 0.00503046
2.055 0.00524152
2.087 0.00542312
2.119 0.00557759
2.151 0.0057071
2.183 0.00581367
2.215 0.00589917
2.247 0.00596536
2.279 0.00601387
2.311 0.00604623
2.343 0.00606383
2.375 0.006068
2.407 0.00605995
2.439 0.00604081
2.471 0.00601164
2.503 0.00597341
2.535 0.00592703
2.567 0.00587332
2.599 0.00581306
2.631 0.00574698
2.663 0.00567572
2.727 0.00552011
2.791 0.00535058
2.855 0.00517082
2.919 0.00498396
2.983 0.00479262
3.047 0.00459902
3.111 0.004405
3.175 0.00421206
3.239 0.00402146
3.303 0.00383421
3.367 0.00365111
3.431 0.00347281
3.495 0.0032998
3.559 0.00313243
3.623 0.00297097
3.687 0.00281559
3.751 0.00266639
3.815 0.00252339
3.879 0.00238658
3.943 0.00225589
4.007 0.00213124
4.071 0.00201248
4.135 0.00189948
4.199 0.00179208
4.263 0.00169009
4.327 0.00159333
4.391 0.0015016
4.455 0.00141472
4.519 0.00133247
4.583 0.00125467
4.647 0.00118112
4.711 0.00111161
4.775 0.00104597
4.839 0.000984006
4.903 0.000925537
4.967 0.000870389
5.031 0.000818391
5.095 0.000769381
5.159 0.000723203
5.223 0.000679704
5.287 0.000638742
5.351 0.000600178
5.415 0.00056388
5.543 0.000497589
5.671 0.000438932
5.799 0.000387069
5.927 0.00034124
6.055 0.000300764
6.183 0.000265034
6.311 0.000233504
6.439 0.000205692
6.567 0.000181167
6.695 0.000159546
6.823 0.00014049
6.951 0.000123698
7.079 0.000108903
7.207 9.58712e-05
7.335 8.43931e-05
7.463 7.42849e-05
7.591 6.53841e-05
7.719 5.75472e-05
7.847 5.06476e-05
7.975 4.45738e-05
8.103 3.92271e-05
8.231 3.45208e-05
8.359 3.03785e-05
8.487 2.67327e-05
8.615 2.3524e-05
8.743 2.07001e-05
8.871 1.82149e-05
8.999 1.60279e-05
9.255 1.24099e-05
9.511 9.60823e-06
9.767 7.43888e-06
10.023 5.75922e-06
10.279 4.45874e-06
10.535 3.45188e-06
10.791 2.67236e-06
11.047 2.06886e-06
11.303 1.60164e-06
11.559 1.23993e-06
11.815 9.59905e-07
12.071 7.43118e-07
12.327 5.7529e-07
12.583 4.45363e-07
13.095 2.67026e-07
13.607 1.60085e-07
14.119 9.55885e-08
14.119 9.55885e-08
14.375 7.38589e-08
14.631 5.70194e-08
14.887 4.39633e-08
15.143 3.38337e-08
15.399 2.59669e-08
15.655 1.98487e-08
15.911 1.50807e-08
16.167 1.13541e-08
16.423 8.42924e-09
16.679 6.12006e-09
16.935 4.28194e-09
16.935 4.28194e-09
17.063 4.64656e-09
17.191 4.33367e-09
17.447 3.31497e-09
17.703 2.52137e-09
17.959 1.90141e-09
18.215 1.41519e-09
18.471 1.0317e-09
18.727 7.2688e-10
18.983 4.81961e-10
19.239 2.82305e-10
19.495 1.16437e-10
19.751 -2.46797e-11
20.007 -1.48218e-10
20.263 -2.59928e-10
20.519 -3.6448e-10
20.775 -4.65742e-10
21.031 -5.66985e-10
21.287 -6.7106e-10
21.543 -7.80524e-10
21.799 -8.97758e-10
22.055 -1.02505e-09
22.311 -1.16468e-09
22.567 -1.31897e-09
22.823 -1.49037e-09
22.823 -1.49037e-09
22.951 -4.06439e-10
23.079 -1.05029e-10
23.335 -1.22424e-10
23.591 -1.41009e-10
23.847 -1.61151e-10
24.103 -1.83216e-10
24.359 -2.07575e-10
24.615 -2.34615e-10
24.871 -2.6475e-10
25.127 -2.98426e-10
25.383 -3.36131e-10
25.639 -3.78405e-10
25.895 -4.25842e-10
26.151 -4.7911e-10
26.407 -5.38949e-10
26.663 -6.06193e-10
26.919 -6.81772e-10
27.175 -7.66731e-10
27.431 -8.62246e-10
27.687 -9.69634e-10
27.943 -1.09038e-09
28.199 -1.22614e-09
28.455 -1.3788e-09
28.711 -1.55045e-09
28.711 -1.55045e-09
28.839 -4.32754e-10
28.967 -1.20772e-10
29.223 -1.35818e-10
29.479 -1.52734e-10
29.735 -1.71753e-10
29.991 -1.93139e-10
30.247 -2.17185e-10
30.503 -2.44223e-10
30.759 -2.74627e-10
31.015 -3.08814e-10
31.271 -3.47257e-10
31.527 -3.90485e-10
31.783 -4.39093e-10
32.039 -4.93752e-10
32.295 -5.55214e-10
32.551 -6.24328e-10
32.807 -7.02044e-10
33.063 -7.89435e-10
33.319 -8.87704e-10
33.575 -9.98205e-10
33.831 -1.12246e-09
34.087 -1.26219e-09
34.343 -1.4193e-09
34.599 -1.59598e-09
34.599 -1.59598e-09
34.727 -4.45489e-10
34.855 -1.2435e-10
35.111 -1.3983e-10
35.367 -1.57236e-10
35.623 -1.76808e-10
35.879 -1.98817e-10
36.135 -2.23566e-10
36.391 -2.51395e-10
36.647 -2.82689e-10
36.903 -3.17878e-10
37.159 -3.57448e-10
37.415 -4.01943e-10
37.671 -4.51976e-10
37.927 -5.08238e-10
38.183 -5.71504e-10
38.439 -6.42644e-10
38.695 -7.22641e-10
38.951 -8.12595e-10
39.207 -9.13747e-10
39.463 -1.02749e-09
39.719 -1.15539e-09
39.975 -1.29921e-09
40.231 -1.46094e-09
40.231 -1.46094e-09
40.359 -4.07796e-10
40.487 -1.13829e-10
40.743 -1.27998e-10
40.999 -1.43932e-10
41.255 -1.61848e-10
41.511 -1.81995e-10
41.767 -2.0465e-10
42.023 -2.30125e-10
42.279 -2.58771e-10
42.535 -2.90982e-10
42.791 -3.27204e-10
43.047 -3.67934e-10
43.303 -4.13734e-10
43.559 -4.65236e-10
43.815 -5.23148e-10
44.071 -5.8827e-10
44.327 -6.61497e-10
44.583 -7.4384e-10
44.839 -8.36434e-10
45.095 -9.40553e-10
45.351 -1.05763e-09
45.607 -1.18929e-09
45.863 -1.33733e-09
46.119 -1.5038e-09
46.119 -1.5038e-09
46.247 -4.19759e-10
46.375 -1.17168e-10
46.631 -1.31754e-10
46.887 -1.48154e-10
47.143 -1.66596e-10
47.399 -1.87334e-10
47.655 -2.10654e-10
47.911 -2.36876e-10
48.167 -2.66362e-10
48.423 -2.99519e-10
48.679 -3.36803e-10
48.935 -3.78728e-10
49.191 -4.25872e-10
49.447 -4.78884e-10
49.703 -5.38496e-10
49.959 -6.05527e-10
50.215 -6.80903e-10
50.471 -7.65662e-10
50.727 -8.60972e-10
50.983 -9.68145e-10
51.239 -1.08866e-09
51.495 -1.22418e-09
51.751 -1.37656e-09
52.007 -1.54792e-09
52.007 -1.54792e-09
52.135 -4.32073e-10
52.263 -1.20606e-10
52.519 -1.35619e-10
52.775 -1.525e-10
53.031 -1.71484e-10
53.287 -1.9283e-10
53.543 -2.16833e-10
53.799 -2.43825e-10
54.055 -2.74176e-10
54.311 -3.08305e-10
54.567 -3.46683e-10
54.823 -3.89838e-10
55.079 -4.38365e-10
55.335 -4.92933e-10
55.591 -5.54293e-10
55.847 -6.23291e-10
56.103 -7.00879e-10
56.359 -7.88124e-10
56.615 -8.86229e-10
56.871 -9.96547e-10
57.127 -1.1206e-09
57.383 -1.26009e-09
57.639 -1.41694e-09
57.895 -1.59333e-09
57.895 -1.59333e-09
58.023 -4.44749e-10
58.151 -1.24144e-10
58.407 -1.39597e-10
58.663 -1.56974e-10
58.919 -1.76514e-10
59.175 -1.98487e-10
59.431 -2.23195e-10
59.687 -2.50978e-10
59.943 -2.82219e-10
60.199 -3.1735e-10
60.455 -3.56854e-10
60.711 -4.01275e-10
60.967 -4.51225e-10
61.223 -5.07394e-10
61.479 -5.70554e-10
61.735 -6.41577e-10
61.991 -7.2144e-10
62.247 -8.11245e-10
62.503 -9.12228e-10
62.759 -1.02578e-09
63.015 -1.15347e-09
63.271 -1.29706e-09
63.527 -1.45851e-09
63.527 -1.45851e-09
63.655 -4.07118e-10
63.783 -1.1364e-10
64.039 -1.27786e-10
64.295 -1.43693e-10
64.551 -1.61579e-10
64.807 -1.81693e-10
65.063 -2.0431e-10
65.319 -2.29742e-10
65.575 -2.58341e-10
65.831 -2.90499e-10
66.087 -3.2666e-10
66.343 -3.67323e-10
66.599 -4.13047e-10
66.855 -4.64463e-10
67.111 -5.22279e-10
67.367 -5.87292e-10
67.623 -6.60398e-10
67.879 -7.42604e-10
68.135 -8.35044e-10
68.391 -9.3899e-10
68.647 -1.05588e-09
68.903 -1.18731e-09
69.159 -1.33511e-09
69.415 -1.5013e-09
69.415 -1.5013e-09
69.543 -4.19062e-10
69.671 -1.16974e-10
69.927 -1.31535e-10
70.183 -1.47908e-10
70.439 -1.6632e-10
70.695 -1.87023e-10
70.951 -2.10304e-10
71.207 -2.36482e-10
71.463 -2.65919e-10
71.719 -2.99021e-10
71.975 -3.36243e-10
72.231 -3.78098e-10
72.487 -4.25164e-10
72.743 -4.78088e-10
72.999 -5.37601e-10
73.255 -6.04521e-10
73.511 -6.79772e-10
73.767 -7.6439e-10
74.023 -8.59541e-10
74.279 -9.66536e-10
74.535 -1.08685e-09
74.791 -1.22214e-09
75.047 -1.37427e-09
75.303 -1.54534e-09
75.303 -1.54534e-09
75.431 -4.31355e-10
75.559 -1.20405e-10
75.815 -1.35393e-10
76.071 -1.52247e-10
76.327 -1.71199e-10
76.583 -1.9251e-10
76.839 -2.16473e-10
77.095 -2.4342e-10
77.351 -2.7372e-10
77.607 -3.07793e-10
77.863 -3.46107e-10
78.119 -3.89191e-10
78.375 -4.37637e-10
78.631 -4.92114e-10
78.887 -5.53372e-10
79.143 -6.22256e-10
79.399 -6.99714e-10
79.655 -7.86814e-10
79.911 -8.84757e-10
80.167 -9.94891e-10
80.423 -1.11874e-09
80.679 -1.25799e-09
80.935 -1.41459e-09
81.191 -1.59068e-09
81.191 -1.59068e-09
81.319 -4.4401e-10
81.447 -1.23938e-10
81.703 -1.39365e-10
81.959 -1.56713e-10
82.215 -1.76221e-10
82.471 -1.98157e-10
82.727 -2.22824e-10
82.983 -2.50561e-10
83.239 -2.8175e-10
83.495 -3.16823e-10
83.751 -3.56261e-10
84.007 -4.00608e-10
84.263 -4.50476e-10
84.519 -5.06551e-10
84.775 -5.69606e-10
85.031 -6.40511e-10
85.287 -7.20241e-10
85.543 -8.09897e-10
85.799 -9.10712e-10
86.055 -1.02408e-09
86.311 -1.15155e-09
86.567 -1.2949e-09
86.823 -1.45609e-09
86.823 -1.45609e-09
86.951 -4.06442e-10
87.079 -1.13451e-10
87.335 -1.27573e-10
87.591 -1.43454e-10
87.847 -1.61311e-10
88.103 -1.81391e-10
88.359 -2.0397e-10
88.615 -2.29361e-10
88.871 -2.57911e-10
89.127 -2.90016e-10
89.383 -3.26117e-10
89.639 -3.66712e-10
89.895 -4.1236e-10
90.151 -4.63691e-10
90.407 -5.21411e-10
90.663 -5.86316e-10
90.919 -6.59301e-10
91.175 -7.4137e-10
91.431 -8.33656e-10
91.687 -9.37429e-10
91.943 -1.05412e-09
92.199 -1.18534e-09
92.455 -1.33289e-09
92.711 -1.49881e-09
92.711 -1.49881e-09
92.839 -4.18365e-10
92.967 -1.16779e-10
93.223 -1.31316e-10
93.479 -1.47662e-10
93.735 -1.66043e-10
93.991 -1.86712e-10
94.247 -2.09954e-10
94.503 -2.36089e-10
94.759 -2.65477e-10
95.015 -2.98524e-10
95.271 -3.35684e-10
95.527 -3.7747e-10
95.783 -4.24458e-10
96.039 -4.77294e-10
96.295 -5.36707e-10
96.551 -6.03517e-10
96.807 -6.78642e-10
97.063 -7.6312e-10
97.319 -8.58113e-10
97.575 -9.6493e-10
97.831 -1.08504e-09
98.087 -1.22011e-09
98.343 -1.37199e-09
98.599 -1.54278e-09
98.599 -1.54278e-09
98.727 -4.30639e-10
98.855 -1.20205e-10
99.111 -1.35168e-10
99.367 -1.51994e-10
99.623 -1.70914e-10
99.879 -1.9219e-10
100.135 -2.16113e-10
100.391 -2.43015e-10
100.647 -2.73266e-10
100.903 -3.07282e-10
101.159 -3.45532e-10
101.415 -3.88544e-10
101.671 -4.3691e-10
101.927 -4.91296e-10
102.183 -5.52453e-10
102.439 -6.21222e-10
102.695 -6.98551e-10
102.951 -7.85507e-10
103.207 -8.83287e-10
103.463 -9.93238e-10
103.719 -1.11688e-09
103.975 -1.2559e-09
104.231 -1.41224e-09
104.487 -1.58803e-09
104.487 -1.58803e-09
104.615 -4.43272e-10
104.743 -1.23732e-10
104.999 -1.39134e-10
105.255 -1.56453e-10
105.511 -1.75928e-10
105.767 -1.97828e-10
106.023 -2.22453e-10
106.279 -2.50144e-10
106.535 -2.81282e-10
106.791 -3.16296e-10
107.047 -3.55669e-10
107.303 -3.99942e-10
107.559 -4.49727e-10
107.815 -5.05709e-10
108.071 -5.6866e-10
108.327 -6.39446e-10
108.583 -7.19044e-10
108.839 -8.08551e-10
109.095 -9.09199e-10
109.351 -1.02238e-09
109.607 -1.14964e-09
109.863 -1.29275e-09
110.119 -1.45367e-09
110.119 -1.45367e-09
110.247 -4.05766e-10
110.375 -1.13263e-10
110.631 -1.27361e-10
110.887 -1.43215e-10
111.143 -1.61043e-10
111.399 -1.81089e-10
111.655 -2.03631e-10
111.911 -2.28979e-10
112.167 -2.57483e-10
112.423 -2.89534e-10
112.679 -3.25575e-10
112.935 -3.66103e-10
113.191 -4.11675e-10
113.447 -4.6292e-10
113.703 -5.20545e-10
113.959 -5.85342e-10
114.215 -6.58205e-10
114.471 -7.40139e-10
114.727 -8.32271e-10
114.983 -9.35872e-10
115.239 -1.05237e-09
115.495 -1.18337e-09
115.751 -1.33067e-09
116.007 -1.49631e-09
116.007 -1.49631e-09
116.135 -4.1767e-10
116.263 -1.16585e-10
116.519 -1.31098e-10
116.775 -1.47417e-10
117.031 -1.65767e-10
117.287 -1.86402e-10
117.543 -2.09605e-10
117.799 -2.35697e-10
118.055 -2.65036e-10
118.311 -2.98028e-10
118.567 -3.35126e-10
118.823 -3.76843e-10
119.079 -4.23752e-10
119.335 -4.76501e-10
119.591 -5.35816e-10
119.847 -6.02514e-10
120.103 -6.77515e-10
120.359 -7.61852e-10
120.615 -8.56687e-10
120.871 -9.63327e-10
121.127 -1.08324e-09
121.383 -1.21808e-09
121.639 -1.36971e-09
121.895 -1.54021e-09
121.895 -1.54021e-09
122.023 -4.29923e-10
122.151 -1.20005e-10
122.407 -1.34944e-10
122.663 -1.51742e-10
122.919 -1.7063e-10
123.175 -1.9187e-10
123.431 -2.15754e-10
123.687 -2.42611e-10
123.943 -2.72812e-10
124.199 -3.06771e-10
124.455 -3.44958e-10
124.711 -3.87898e-10
124.967 -4.36184e-10
125.223 -4.9048e-10
125.479 -5.51535e-10
125.735 -6.2019e-10
125.991 -6.97391e-10
126.247 -7.84202e-10
126.503 -8.81819e-10
126.759 -9.91588e-10
127.015 -1.11502e-09
127.271 -1.25382e-09
127.527 -1.40989e-09
127.783 -1.5854e-09
127.783 -1.5854e-09
127.911 -4.42535e-10
128.039 -1.23526e-10
128.295 -1.38903e-10
128.551 -1.56193e-10
128.807 -1.75636e-10
129.063 -1.97499e-10
129.319 -2.22084e-10
129.575 -2.49729e-10
129.831 -2.80815e-10
130.087 -3.15771e-10
130.343 -3.55078e-10
130.599 -3.99278e-10
130.855 -4.4898e-10
131.111 -5.04869e-10
131.367 -5.67715e-10
131.623 -6.38384e-10
131.879 -7.1785e-10
132.135 -8.07207e-10
132.391 -9.07688e-10
132.647 -1.02068e-09
132.903 -1.14773e-09
133.159 -1.2906e-09
133.415 -1.45125e-09
133.415 -1.45125e-09
133.543 -4.05092e-10
133.671 -1.13074e-10
133.927 -1.2715e-10
134.183 -1.42977e-10
134.439 -1.60775e-10
134.695 -1.80789e-10
134.951 -2.03293e-10
135.207 -2.28599e-10
135.463 -2.57055e-10
135.719 -2.89053e-10
135.975 -3.25034e-10
136.231 -3.65494e-10
136.487 -4.10991e-10
136.743 -4.62151e-10
136.999 -5.1968e-10
137.255 -5.84369e-10
137.511 -6.57112e-10
137.767 -7.38909e-10
138.023 -8.30888e-10
138.279 -9.34317e-10
138.535 -1.05062e-09
138.791 -1.1814e-09
139.047 -1.32846e-09
139.303 -1.49383e-09
139.303 -1.49383e-09
139.431 -4.16976e-10
139.559 -1.16392e-10
139.815 -1.3088e-10
140.071 -1.47172e-10
140.327 -1.65492e-10
140.583 -1.86092e-10
140.839 -2.09257e-10
141.095 -2.35305e-10
141.351 -2.64596e-10
141.607 -2.97533e-10
141.863 -3.3457e-10
142.119 -3.76217e-10
142.375 -4.23048e-10
142.631 -4.75709e-10
142.887 -5.34925e-10
143.143 -6.01513e-10
143.399 -6.76389e-10
143.655 -7.60586e-10
143.911 -8.55263e-10
144.167 -9.61726e-10
144.423 -1.08144e-09
144.679 -1.21606e-09
144.935 -1.36743e-09
145.191 -1.53765e-09
145.191 -1.53765e-09
145.319 -4.29209e-10
145.447 -1.19806e-10
145.703 -1.3472e-10
145.959 -1.51489e-10
146.215 -1.70347e-10
146.471 -1.91551e-10
146.727 -2.15396e-10
146.983 -2.42208e-10
147.239 -2.72358e-10
147.495 -3.06261e-10
147.751 -3.44385e-10
148.007 -3.87254e-10
148.263 -4.35459e-10
148.519 -4.89665e-10
148.775 -5.50618e-10
149.031 -6.19159e-10
149.287 -6.96232e-10
149.543 -7.82899e-10
149.799 -8.80354e-10
150.055 -9.8994e-10
150.311 -1.11317e-09
150.567 -1.25173e-09
150.823 -1.40755e-09
151.079 -1.58276e-09
151.079 -1.58276e-09
151.207 -4.418e-10
151.335 -1.23321e-10
151.591 -1.38672e-10
151.847 -1.55934e-10
152.103 -1.75344e-10
152.359 -1.97171e-10
152.615 -2.21715e-10
152.871 -2.49314e-10
153.127 -2.80348e-10
153.383 -3.15246e-10
153.639 -3.54488e-10
153.895 -3.98614e-10
154.151 -4.48234e-10
154.407 -5.0403e-10
154.663 -5.66771e-10
154.919 -6.37323e-10
155.175 -7.16657e-10
155.431 -8.05866e-10
155.687 -9.0618e-10
155.943 -1.01898e-09
156.199 -1.14582e-09
156.455 -1.28846e-09
156.711 -1.44884e-09
156.711 -1.44884e-09
156.839 -4.04419e-10
156.967 -1.12886e-10
157.223 -1.26939e-10
157.479 -1.4274e-10
157.735 -1.60508e-10
157.991 -1.80488e-10
158.247 -2.02955e-10
158.503 -2.28219e-10
158.759 -2.56628e-10
159.015 -2.88573e-10
159.271 -3.24494e-10
159.527 -3.64887e-10
159.783 -4.10308e-10
160.039 -4.61383e-10
160.295 -5.18816e-10
160.551 -5.83398e-10
160.807 -6.5602e-10
161.063 -7.37681e-10
161.319 -8.29507e-10
161.575 -9.32764e-10
161.831 -1.04887e-09
162.087 -1.17944e-09
162.343 -1.32625e-09
162.599 -1.49135e-09
162.599 -1.49135e-09
162.727 -4.16283e-10
162.855 -1.16198e-10
163.111 -1.30662e-10
163.367 -1.46927e-10
163.623 -1.65217e-10
163.879 -1.85783e-10
164.135 -2.08909e-10
164.391 -2.34914e-10
164.647 -2.64156e-10
164.903 -2.97038e-10
165.159 -3.34014e-10
165.415 -3.75592e-10
165.671 -4.22345e-10
165.927 -4.74919e-10
166.183 -5.34036e-10
166.439 -6.00513e-10
166.695 -6.75265e-10
166.951 -7.59322e-10
167.207 -8.53842e-10
167.463 -9.60128e-10
167.719 -1.07964e-09
167.975 -1.21404e-09
168.231 -1.36516e-09
168.487 -1.5351e-09
168.487 -1.5351e-09
168.615 -4.28495e-10
168.743 -1.19607e-10
168.999 -1.34496e-10
169.255 -1.51238e-10
169.511 -1.70064e-10
169.767 -1.91233e-10
170.023 -2.15038e-10
170.279 -2.41806e-10
170.535 -2.71906e-10
170.791 -3.05752e-10
171.047 -3.43812e-10
171.303 -3.8661e-10
171.559 -4.34735e-10
171.815 -4.88851e-10
172.071 -5.49703e-10
172.327 -6.1813e-10
172.583 -6.95075e-10
172.839 -7.81598e-10
173.095 -8.78891e-10
173.351 -9.88295e-10
173.607 -1.11132e-09
173.863 -1.24965e-09
174.119 -1.40521e-09
174.375 -1.58013e-09
174.375 -1.58013e-09
174.503 -4.41066e-10
174.631 -1.23116e-10
174.887 -1.38441e-10
175.143 -1.55674e-10
175.399 -1.75053e-10
175.655 -1.96843e-10
175.911 -2.21346e-10
176.167 -2.48899e-10
176.423 -2.79882e-10
176.679 -3.14722e-10
176.935 -3.53899e-10
177.191 -3.97952e-10
177.447 -4.47489e-10
177.703 -5.03192e-10
177.959 -5.6583e-10
178.215 -6.36264e-10
178.471 -7.15466e-10
178.727 -8.04527e-10
178.983 -9.04674e-10
179.239 -1.01729e-09
179.495 -1.14392e-09
179.751 -1.28631e-09
180.007 -1.44643e-09
180.007 -1.44643e-09
180.135 -4.03747e-10
180.263 -1.12699e-10
