0 0.01
0.001 0.0112508
0.003 0.013669
0.005 0.0159783
0.007 0.0181813
0.009 0.0202807
0.011 0.0222789
0.013 0.0241786
0.015 0.025982
0.017 0.0276917
0.019 0.0293098
0.021 0.0308387
0.023 0.0322806
0.025 0.0336377
0.027 0.0349121
0.029 0.0361059
0.031 0.0372211
0.033 0.0382596
0.035 0.0392235
0.039 0.0409349
0.043 0.0423697
0.047 0.0435422
0.051 0.0444656
0.055 0.0451527
0.059 0.0456159
0.063 0.0458668
0.067 0.0459166
0.071 0.045776
0.075 0.0454552
0.079 0.0449638
0.083 0.0443113
0.087 0.0435066
0.091 0.042558
0.095 0.0414739
0.099 0.0402618
0.103 0.0389292
0.107 0.0374831
0.111 0.0359304
0.115 0.0342774
0.119 0.0325304
0.123 0.0306951
0.127 0.0287772
0.131 0.0267821
0.135 0.0247148
0.139 0.0225802
0.143 0.020383
0.147 0.0181276
0.151 0.0158183
0.155 0.013459
0.159 0.0110536
0.163 0.00860576
0.167 0.00611903
0.171 0.00359673
0.175 0.00104201
0.179 -0.00154208
0.183 -0.00415266
0.187 -0.00678698
0.191 -0.00944243
0.195 -0.0121165
0.199 -0.0148068
0.203 -0.0175112
0.207 -0.0202274
0.211 -0.0229533
0.215 -0.0256872
0.219 -0.028427
0.223 -0.0311711
0.227 -0.0339178
0.231 -0.0366655
0.235 -0.0394127
0.239 -0.0421579
0.243 -0.0448998
0.247 -0.0476371
0.251 -0.0503687
0.255 -0.0530932
0.259 -0.0558097
0.263 -0.0585171
0.267 -0.0612144
0.271 -0.0639007
0.275 -0.0665751
0.279 -0.0692368
0.283 -0.071885
0.287 -0.074519
0.291 -0.0771381
0.295 -0.0797415
0.299 -0.0823288
0.303 -0.0848993
0.307 -0.0874524
0.311 -0.0899878
0.315 -0.0925048
0.319 -0.0950031
0.327 -0.0999418
0.335 -0.104801
0.343 -0.109578
0.351 -0.11427
0.359 -0.118877
0.367 -0.123395
0.375 -0.127825
0.383 -0.132164
0.391 -0.136412
0.399 -0.14057
0.407 -0.144635
0.415 -0.148609
0.423 -0.15249
0.431 -0.15628
0.439 -0.159978
0.447 -0.163585
0.455 -0.167101
0.463 -0.170528
0.471 -0.173864
0.479 -0.177112
0.487 -0.180272
0.495 -0.183345
0.503 -0.186332
0.519 -0.19205
0.535 -0.197436
0.551 -0.202498
0.567 -0.207245
0.583 -0.211686
0.599 -0.215831
0.615 -0.219689
0.631 -0.22327
0.647 -0.226583
0.663 -0.229638
0.679 -0.232444
0.695 -0.23501
0.711 -0.237345
0.727 -0.239458
0.743 -0.241358
0.759 -0.243053
0.775 -0.244551
0.791 -0.24586
0.807 -0.246988
0.823 -0.247943
0.839 -0.248732
0.855 -0.249362
0.871 -0.24984
0.887 -0.250172
0.903 -0.250366
0.919 -0.250426
0.935 -0.25036
0.951 -0.250173
0.967 -0.249871
0.983 -0.249459
0.999 -0.248943
1.015 -0.248327
1.031 -0.247616
1.047 -0.246816
1.063 -0.24593
1.079 -0.244964
1.095 -0.24392
1.111 -0.242804
1.127 -0.24162
1.143 -0.24037
1.159 -0.239059
1.175 -0.23769
1.191 -0.236267
1.207 -0.234793
1.223 -0.233271
1.239 -0.231703
1.255 -0.230093
1.271 -0.228444
1.287 -0.226758
1.319 -0.223286
1.351 -0.219696
1.383 -0.216006
1.415 -0.212232
1.447 -0.20839
1.479 -0.204492
1.511 -0.200552
1.543 -0.196582
1.575 -0.192591
1.607 -0.188589
1.639 -0.184585
1.671 -0.180588
1.703 -0.176604
1.735 -0.17264
1.767 -0.168701
1.799 -0.164794
1.831 -0.160923
1.863 -0.157092
1.895 -0.153305
1.927 -0.149565
1.959 -0.145876
1.991 -0.142239
2.023 -0.138658
2.055 -0.135134
2.087 -0.131668
2.119 -0.128263
2.151 -0.124919
2.183 -0.121637
2.215 -0.118418
2.247 -0.115263
2.279 -0.112171
2.311 -0.109144
2.343 -0.10618
2.375 -0.103281
2.407 -0.100445
2.439 -0.0976726
2.471 -0.0949634
2.503 -0.0923168
2.535 -0.0897322
2.567 -0.087209
2.599 -0.0847465
2.631 -0.0823439
2.663 -0.0800006
2.727 -0.0754879
2.791 -0.0712013
2.855 -0.0671332
2.919 -0.0632758
2.983 -0.0596209
3.047 -0.0561605
3.111 -0.0528863
3.175 -0.0497901
3.239 -0.046864
3.303 -0.0441
3.367 -0.0414904
3.431 -0.0390276
3.495 -0.0367044
3.559 -0.0345136
3.623 -0.0324485
3.687 -0.0305025
3.751 -0.0286692
3.815 -0.0269426
3.879 -0.025317
3.943 -0.0237868
4.007 -0.0223467
4.071 -0.0209918
4.135 -0.0197172
4.199 -0.0185184
4.263 -0.0173911
4.327 -0.0163312
4.391 -0.0153348
4.455 -0.0143982
4.519 -0.013518
4.583 -0.0126909
4.647 -0.0119138
4.711 -0.0111836
4.775 -0.0104978
4.839 -0.0098535
4.903 -0.0092484
4.967 -0.00868012
5.031 -0.00814647
5.095 -0.00764535
5.159 -0.00717484
5.223 -0.00673307
5.287 -0.00631833
5.351 -0.00592898
5.415 -0.00556349
5.543 -0.00489837
5.671 -0.00431241
5.799 -0.00379628
5.927 -0.00334171
6.055 -0.0029414
6.183 -0.00258893
6.311 -0.00227859
6.439 -0.00200538
6.567 -0.00176487
6.695 -0.00155315
6.823 -0.0013668
6.951 -0.00120279
7.079 -0.00105843
7.207 -0.000931382
7.335 -0.000819572
7.463 -0.000721175
7.591 -0.000634583
7.719 -0.000558383
7.847 -0.000491328
7.975 -0.000432323
8.103 -0.000380401
8.231 -0.000334712
8.359 -0.00029451
8.487 -0.000259135
8.615 -0.000228008
8.743 -0.000200619
8.871 -0.000176519
8.999 -0.000155315
9.255 -0.000120241
9.511 -9.30873e-05
9.767 -7.20651e-05
10.023 -5.57902e-05
10.279 -4.31905e-05
10.535 -3.34363e-05
10.791 -2.58849e-05
11.047 -2.0039e-05
11.303 -1.55133e-05
11.559 -1.20096e-05
11.815 -9.2973e-06
12.071 -7.19752e-06
12.327 -5.57198e-06
12.583 -4.31356e-06
13.095 -2.58627e-06
13.607 -1.55064e-06
14.119 -9.29767e-07
14.119 -9.29767e-07
14.375 -7.198e-07
14.631 -5.57257e-07
14.887 -4.31426e-07
15.143 -3.34018e-07
15.399 -2.58612e-07
15.655 -2.00241e-07
15.911 -1.55058e-07
16.167 -1.20084e-07
16.423 -9.30146e-08
16.679 -7.20653e-08
16.935 -5.58546e-08
16.935 -5.58546e-08
17.063 -4.90182e-08
17.191 -4.30937e-08
17.447 -3.33667e-08
17.703 -2.58373e-08
17.959 -2.00092e-08
18.215 -1.54983e-08
18.471 -1.20071e-08
18.727 -9.3056e-09
18.983 -7.21549e-09
19.239 -5.59886e-09
19.495 -4.34897e-09
19.751 -3.38318e-09
20.007 -2.63756e-09
20.263 -2.06264e-09
20.519 -1.62014e-09
20.775 -1.28049e-09
21.031 -1.02082e-09
21.287 -8.23472e-10
21.543 -6.74826e-10
21.799 -5.644e-10
22.055 -4.8414e-10
22.311 -4.27882e-10
22.567 -3.90939e-10
22.823 -3.6977e-10
22.823 -3.6977e-10
22.951 -1.95916e-10
23.079 -1.3625e-10
23.335 -1.11359e-10
23.591 -9.28216e-11
23.847 -7.92941e-11
24.103 -6.97475e-11
24.359 -6.33979e-11
24.615 -5.96528e-11
24.871 -5.80697e-11
25.127 -5.83241e-11
25.383 -6.01853e-11
25.639 -6.34975e-11
25.895 -6.8166e-11
26.151 -7.41463e-11
26.407 -8.14369e-11
26.663 -9.00729e-11
26.919 -1.00123e-10
27.175 -1.11687e-10
27.431 -1.24893e-10
27.687 -1.399e-10
27.943 -1.56898e-10
28.199 -1.76105e-10
28.455 -1.97777e-10
28.711 -2.22202e-10
28.711 -2.22202e-10
28.839 -6.22809e-11
28.967 -1.76108e-11
29.223 -1.96869e-11
29.479 -2.20477e-11
29.735 -2.47227e-11
29.991 -2.77463e-11
30.247 -3.11584e-11
30.503 -3.50048e-11
30.759 -3.93372e-11
31.015 -4.42145e-11
31.271 -4.97034e-11
31.527 -5.58788e-11
31.783 -6.28257e-11
32.039 -7.06392e-11
32.295 -7.9427e-11
32.551 -8.93099e-11
32.807 -1.00424e-10
33.063 -1.12922e-10
33.319 -1.26977e-10
33.575 -1.42781e-10
33.831 -1.60554e-10
34.087 -1.80538e-10
34.343 -2.03011e-10
34.599 -2.28281e-10
34.599 -2.28281e-10
34.727 -6.37215e-11
34.855 -1.77874e-11
35.111 -2.00012e-11
35.367 -2.24907e-11
35.623 -2.52901e-11
35.879 -2.84381e-11
36.135 -3.1978e-11
36.391 -3.59585e-11
36.647 -4.04345e-11
36.903 -4.54677e-11
37.159 -5.11275e-11
37.415 -5.74918e-11
37.671 -6.46484e-11
37.927 -7.26958e-11
38.183 -8.17449e-11
38.439 -9.19205e-11
38.695 -1.03363e-10
38.951 -1.16229e-10
39.207 -1.30698e-10
39.463 -1.46967e-10
39.719 -1.65261e-10
39.975 -1.85833e-10
40.231 -2.08965e-10
40.231 -2.08965e-10
40.359 -5.8329e-11
40.487 -1.62815e-11
40.743 -1.83082e-11
40.999 -2.05872e-11
41.255 -2.31499e-11
41.511 -2.60316e-11
41.767 -2.9272e-11
42.023 -3.29158e-11
42.279 -3.70132e-11
42.535 -4.16206e-11
42.791 -4.68015e-11
43.047 -5.26273e-11
43.303 -5.91784e-11
43.559 -6.65449e-11
43.815 -7.48284e-11
44.071 -8.4143e-11
44.327 -9.46171e-11
44.583 -1.06395e-10
44.839 -1.19639e-10
45.095 -1.34532e-10
45.351 -1.51278e-10
45.607 -1.70109e-10
45.863 -1.91284e-10
46.119 -2.15095e-10
46.119 -2.15095e-10
46.247 -6.00401e-11
46.375 -1.67592e-11
46.631 -1.88453e-11
46.887 -2.11912e-11
47.143 -2.38291e-11
47.399 -2.67953e-11
47.655 -3.01308e-11
47.911 -3.38814e-11
48.167 -3.8099e-11
48.423 -4.28416e-11
48.679 -4.81745e-11
48.935 -5.41712e-11
49.191 -6.09144e-11
49.447 -6.84971e-11
49.703 -7.70236e-11
49.959 -8.66114e-11
50.215 -9.73928e-11
50.471 -1.09516e-10
50.727 -1.23149e-10
50.983 -1.38478e-10
51.239 -1.55716e-10
51.495 -1.751e-10
51.751 -1.96896e-10
52.007 -2.21406e-10
52.007 -2.21406e-10
52.135 -6.18015e-11
52.263 -1.72508e-11
52.519 -1.93982e-11
52.775 -2.18129e-11
53.031 -2.45281e-11
53.287 -2.75814e-11
53.543 -3.10147e-11
53.799 -3.48754e-11
54.055 -3.92167e-11
54.311 -4.40984e-11
54.567 -4.95877e-11
54.823 -5.57604e-11
55.079 -6.27015e-11
55.335 -7.05065e-11
55.591 -7.92832e-11
55.847 -8.91523e-11
56.103 -1.0025e-10
56.359 -1.12729e-10
56.615 -1.26762e-10
56.871 -1.42541e-10
57.127 -1.60284e-10
57.383 -1.80236e-10
57.639 -2.02672e-10
57.895 -2.27901e-10
57.895 -2.27901e-10
58.023 -6.36145e-11
58.151 -1.77569e-11
58.407 -1.99673e-11
58.663 -2.24528e-11
58.919 -2.52477e-11
59.175 -2.83905e-11
59.431 -3.19246e-11
59.687 -3.58985e-11
59.943 -4.03672e-11
60.199 -4.53921e-11
60.455 -5.10425e-11
60.711 -5.73962e-11
60.967 -6.45409e-11
61.223 -7.25749e-11
61.479 -8.16091e-11
61.735 -9.17677e-11
61.991 -1.03191e-10
62.247 -1.16036e-10
62.503 -1.3048e-10
62.759 -1.46722e-10
63.015 -1.64986e-10
63.271 -1.85524e-10
63.527 -2.08618e-10
63.527 -2.08618e-10
63.655 -5.8232e-11
63.783 -1.62545e-11
64.039 -1.82778e-11
64.295 -2.0553e-11
64.551 -2.31115e-11
64.807 -2.59884e-11
65.063 -2.92234e-11
65.319 -3.28611e-11
65.575 -3.69517e-11
65.831 -4.15514e-11
66.087 -4.67237e-11
66.343 -5.25399e-11
66.599 -5.908e-11
66.855 -6.64343e-11
67.111 -7.4704e-11
67.367 -8.40032e-11
67.623 -9.44599e-11
67.879 -1.06218e-10
68.135 -1.1944e-10
68.391 -1.34308e-10
68.647 -1.51027e-10
68.903 -1.69827e-10
69.159 -1.90967e-10
69.415 -2.14738e-10
69.415 -2.14738e-10
69.543 -5.99404e-11
69.671 -1.67313e-11
69.927 -1.8814e-11
70.183 -2.1156e-11
70.439 -2.37895e-11
70.695 -2.67508e-11
70.951 -3.00807e-11
71.207 -3.38251e-11
71.463 -3.80357e-11
71.719 -4.27704e-11
71.975 -4.80944e-11
72.231 -5.40812e-11
72.487 -6.08132e-11
72.743 -6.83832e-11
72.999 -7.68956e-11
73.255 -8.64675e-11
73.511 -9.7231e-11
73.767 -1.09334e-10
74.023 -1.22944e-10
74.279 -1.38248e-10
74.535 -1.55457e-10
74.791 -1.74809e-10
75.047 -1.96569e-10
75.303 -2.21038e-10
75.303 -2.21038e-10
75.431 -6.16988e-11
75.559 -1.72221e-11
75.815 -1.93659e-11
76.071 -2.17766e-11
76.327 -2.44874e-11
76.583 -2.75355e-11
76.839 -3.09632e-11
77.095 -3.48175e-11
77.351 -3.91515e-11
77.607 -4.40251e-11
77.863 -4.95053e-11
78.119 -5.56678e-11
78.375 -6.25973e-11
78.631 -7.03894e-11
78.887 -7.91514e-11
79.143 -8.90042e-11
79.399 -1.00083e-10
79.655 -1.12542e-10
79.911 -1.26551e-10
80.167 -1.42304e-10
80.423 -1.60018e-10
80.679 -1.79937e-10
80.935 -2.02335e-10
81.191 -2.27522e-10
81.191 -2.27522e-10
81.319 -6.35088e-11
81.447 -1.77274e-11
81.703 -1.99341e-11
81.959 -2.24155e-11
82.215 -2.52057e-11
82.471 -2.83433e-11
82.727 -3.18715e-11
82.983 -3.58389e-11
83.239 -4.03001e-11
83.495 -4.53166e-11
83.751 -5.09577e-11
84.007 -5.73009e-11
84.263 -6.44337e-11
84.519 -7.24543e-11
84.775 -8.14734e-11
85.031 -9.16152e-11
85.287 -1.03019e-10
85.543 -1.15843e-10
85.799 -1.30264e-10
86.055 -1.46479e-10
86.311 -1.64712e-10
86.567 -1.85216e-10
86.823 -2.08271e-10
86.823 -2.08271e-10
86.951 -5.81353e-11
87.079 -1.62274e-11
87.335 -1.82474e-11
87.591 -2.05189e-11
87.847 -2.30731e-11
88.103 -2.59452e-11
88.359 -2.91748e-11
88.615 -3.28065e-11
88.871 -3.68903e-11
89.127 -4.14824e-11
89.383 -4.66461e-11
89.639 -5.24526e-11
89.895 -5.89819e-11
90.151 -6.63239e-11
90.407 -7.45799e-11
90.663 -8.38636e-11
90.919 -9.43029e-11
91.175 -1.06042e-10
91.431 -1.19242e-10
91.687 -1.34085e-10
91.943 -1.50776e-10
92.199 -1.69544e-10
92.455 -1.90649e-10
92.711 -2.14381e-10
92.711 -2.14381e-10
92.839 -5.98408e-11
92.967 -1.67035e-11
93.223 -1.87827e-11
93.479 -2.11208e-11
93.735 -2.37499e-11
93.991 -2.67063e-11
94.247 -3.00307e-11
94.503 -3.37689e-11
94.759 -3.79725e-11
95.015 -4.26993e-11
95.271 -4.80145e-11
95.527 -5.39913e-11
95.783 -6.07122e-11
96.039 -6.82696e-11
96.295 -7.67678e-11
96.551 -8.63238e-11
96.807 -9.70694e-11
97.063 -1.09153e-10
97.319 -1.2274e-10
97.575 -1.38019e-10
97.831 -1.55199e-10
98.087 -1.74518e-10
98.343 -1.96242e-10
98.599 -2.2067e-10
98.599 -2.2067e-10
98.727 -6.15963e-11
98.855 -1.71935e-11
99.111 -1.93338e-11
99.367 -2.17404e-11
99.623 -2.44467e-11
99.879 -2.74898e-11
100.135 -3.09117e-11
100.391 -3.47596e-11
100.647 -3.90865e-11
100.903 -4.3952e-11
101.159 -4.94231e-11
101.415 -5.55753e-11
101.671 -6.24933e-11
101.927 -7.02724e-11
102.183 -7.90199e-11
102.439 -8.88563e-11
102.695 -9.99171e-11
102.951 -1.12355e-10
103.207 -1.26341e-10
103.463 -1.42068e-10
103.719 -1.59752e-10
103.975 -1.79638e-10
104.231 -2.01999e-10
104.487 -2.27144e-10
104.487 -2.27144e-10
104.615 -6.34033e-11
104.743 -1.76979e-11
104.999 -1.9901e-11
105.255 -2.23782e-11
105.511 -2.51639e-11
105.767 -2.82962e-11
106.023 -3.18186e-11
106.279 -3.57793e-11
106.535 -4.02331e-11
106.791 -4.52413e-11
107.047 -5.0873e-11
107.303 -5.72056e-11
107.559 -6.43266e-11
107.815 -7.23339e-11
108.071 -8.13381e-11
108.327 -9.1463e-11
108.583 -1.02848e-10
108.839 -1.15651e-10
109.095 -1.30047e-10
109.351 -1.46235e-10
109.607 -1.64439e-10
109.863 -1.84908e-10
110.119 -2.07925e-10
110.119 -2.07925e-10
110.247 -5.80387e-11
110.375 -1.62005e-11
110.631 -1.82171e-11
110.887 -2.04848e-11
111.143 -2.30347e-11
111.399 -2.59021e-11
111.655 -2.91264e-11
111.911 -3.2752e-11
112.167 -3.6829e-11
112.423 -4.14134e-11
112.679 -4.65686e-11
112.935 -5.23654e-11
113.191 -5.88838e-11
113.447 -6.62137e-11
113.703 -7.4456e-11
113.959 -8.37242e-11
114.215 -9.41462e-11
114.471 -1.05866e-10
114.727 -1.19044e-10
114.983 -1.33862e-10
115.239 -1.50525e-10
115.495 -1.69263e-10
115.751 -1.90332e-10
116.007 -2.14025e-10
116.007 -2.14025e-10
116.135 -5.97413e-11
116.263 -1.66757e-11
116.519 -1.87515e-11
116.775 -2.10857e-11
117.031 -2.37105e-11
117.287 -2.66619e-11
117.543 -2.99808e-11
117.799 -3.37128e-11
118.055 -3.79094e-11
118.311 -4.26284e-11
118.567 -4.79347e-11
118.823 -5.39016e-11
119.079 -6.06113e-11
119.335 -6.81562e-11
119.591 -7.66402e-11
119.847 -8.61804e-11
120.103 -9.69081e-11
120.359 -1.08971e-10
120.615 -1.22536e-10
120.871 -1.37789e-10
121.127 -1.54941e-10
121.383 -1.74228e-10
121.639 -1.95916e-10
121.895 -2.20304e-10
121.895 -2.20304e-10
122.023 -6.14939e-11
122.151 -1.7165e-11
122.407 -1.93016e-11
122.663 -2.17043e-11
122.919 -2.44061e-11
123.175 -2.74441e-11
123.431 -3.08604e-11
123.687 -3.47018e-11
123.943 -3.90215e-11
124.199 -4.38789e-11
124.455 -4.9341e-11
124.711 -5.54829e-11
124.967 -6.23894e-11
125.223 -7.01556e-11
125.479 -7.88886e-11
125.735 -8.87086e-11
125.991 -9.97511e-11
126.247 -1.12168e-10
126.503 -1.26131e-10
126.759 -1.41831e-10
127.015 -1.59487e-10
127.271 -1.79339e-10
127.527 -2.01664e-10
127.783 -2.26767e-10
127.783 -2.26767e-10
127.911 -6.32979e-11
128.039 -1.76685e-11
128.295 -1.98679e-11
128.551 -2.2341e-11
128.807 -2.5122e-11
129.063 -2.82492e-11
129.319 -3.17657e-11
129.575 -3.57199e-11
129.831 -4.01663e-11
130.087 -4.51662e-11
130.343 -5.07884e-11
130.599 -5.71106e-11
130.855 -6.42197e-11
131.111 -7.22138e-11
131.367 -8.12029e-11
131.623 -9.1311e-11
131.879 -1.02677e-10
132.135 -1.15459e-10
132.391 -1.29831e-10
132.647 -1.45992e-10
132.903 -1.64165e-10
133.159 -1.84601e-10
133.415 -2.0758e-10
133.415 -2.0758e-10
133.543 -5.79422e-11
133.671 -1.61736e-11
133.927 -1.81868e-11
134.183 -2.04507e-11
134.439 -2.29964e-11
134.695 -2.5859e-11
134.951 -2.9078e-11
135.207 -3.26976e-11
135.463 -3.67678e-11
135.719 -4.13446e-11
135.975 -4.64912e-11
136.231 -5.22784e-11
136.487 -5.8786e-11
136.743 -6.61037e-11
136.999 -7.43322e-11
137.255 -8.35851e-11
137.511 -9.39898e-11
137.767 -1.0569e-10
138.023 -1.18846e-10
138.279 -1.3364e-10
138.535 -1.50275e-10
138.791 -1.68981e-10
139.047 -1.90016e-10
139.303 -2.13669e-10
139.303 -2.13669e-10
139.431 -5.96421e-11
139.559 -1.6648e-11
139.815 -1.87204e-11
140.071 -2.10507e-11
140.327 -2.36711e-11
140.583 -2.66176e-11
140.839 -2.9931e-11
141.095 -3.36568e-11
141.351 -3.78464e-11
141.607 -4.25575e-11
141.863 -4.78551e-11
142.119 -5.38121e-11
142.375 -6.05106e-11
142.631 -6.80429e-11
142.887 -7.65129e-11
143.143 -8.60372e-11
143.399 -9.67471e-11
143.655 -1.0879e-10
143.911 -1.22332e-10
144.167 -1.3756e-10
144.423 -1.54684e-10
144.679 -1.73939e-10
144.935 -1.95591e-10
145.191 -2.19938e-10
145.191 -2.19938e-10
145.319 -6.13917e-11
145.447 -1.71364e-11
145.703 -1.92696e-11
145.959 -2.16682e-11
146.215 -2.43655e-11
146.471 -2.73985e-11
146.727 -3.08091e-11
146.983 -3.46442e-11
147.239 -3.89567e-11
147.495 -4.3806e-11
147.751 -4.9259e-11
148.007 -5.53907e-11
148.263 -6.22857e-11
148.519 -7.00391e-11
148.775 -7.87575e-11
149.031 -8.85612e-11
149.287 -9.95853e-11
149.543 -1.11982e-10
149.799 -1.25921e-10
150.055 -1.41596e-10
150.311 -1.59222e-10
150.567 -1.79041e-10
150.823 -2.01329e-10
151.079 -2.2639e-10
151.079 -2.2639e-10
151.207 -6.31928e-11
151.335 -1.76392e-11
151.591 -1.98349e-11
151.847 -2.23039e-11
152.103 -2.50803e-11
152.359 -2.82023e-11
152.615 -3.17129e-11
152.871 -3.56605e-11
153.127 -4.00995e-11
153.383 -4.50911e-11
153.639 -5.07041e-11
153.895 -5.70157e-11
154.151 -6.4113e-11
154.407 -7.20938e-11
154.663 -8.1068e-11
154.919 -9.11593e-11
155.175 -1.02507e-10
155.431 -1.15267e-10
155.687 -1.29615e-10
155.943 -1.4575e-10
156.199 -1.63893e-10
156.455 -1.84294e-10
156.711 -2.07235e-10
156.711 -2.07235e-10
156.839 -5.7846e-11
156.967 -1.61467e-11
157.223 -1.81566e-11
157.479 -2.04168e-11
157.735 -2.29582e-11
157.991 -2.58161e-11
158.247 -2.90296e-11
158.503 -3.26432e-11
158.759 -3.67067e-11
159.015 -4.12759e-11
159.271 -4.64139e-11
159.527 -5.21915e-11
159.783 -5.86883e-11
160.039 -6.59938e-11
160.295 -7.42087e-11
160.551 -8.34462e-11
160.807 -9.38336e-11
161.063 -1.05514e-10
161.319 -1.18648e-10
161.575 -1.33418e-10
161.831 -1.50025e-10
162.087 -1.68701e-10
162.343 -1.897e-10
162.599 -2.13314e-10
162.599 -2.13314e-10
162.727 -5.9543e-11
162.855 -1.66204e-11
163.111 -1.86893e-11
163.367 -2.10157e-11
163.623 -2.36317e-11
163.879 -2.65734e-11
164.135 -2.98813e-11
164.391 -3.36009e-11
164.647 -3.77835e-11
164.903 -4.24868e-11
165.159 -4.77756e-11
165.415 -5.37226e-11
165.671 -6.041e-11
165.927 -6.79299e-11
166.183 -7.63858e-11
166.439 -8.58942e-11
166.695 -9.65863e-11
166.951 -1.08609e-10
167.207 -1.22129e-10
167.463 -1.37332e-10
167.719 -1.54427e-10
167.975 -1.7365e-10
168.231 -1.95266e-10
168.487 -2.19572e-10
168.487 -2.19572e-10
168.615 -6.12897e-11
168.743 -1.7108e-11
168.999 -1.92375e-11
169.255 -2.16322e-11
169.511 -2.4325e-11
169.767 -2.7353e-11
170.023 -3.07579e-11
170.279 -3.45866e-11
170.535 -3.8892e-11
170.791 -4.37332e-11
171.047 -4.91771e-11
171.303 -5.52987e-11
171.559 -6.21822e-11
171.815 -6.99227e-11
172.071 -7.86266e-11
172.327 -8.84141e-11
172.583 -9.94198e-11
172.839 -1.11796e-10
173.095 -1.25712e-10
173.351 -1.4136e-10
173.607 -1.58957e-10
173.863 -1.78744e-10
174.119 -2.00994e-10
174.375 -2.26014e-10
174.375 -2.26014e-10
174.503 -6.30878e-11
174.631 -1.76098e-11
174.887 -1.98019e-11
175.143 -2.22668e-11
175.399 -2.50386e-11
175.655 -2.81554e-11
175.911 -3.16602e-11
176.167 -3.56013e-11
176.423 -4.00329e-11
176.679 -4.50162e-11
176.935 -5.06198e-11
177.191 -5.69209e-11
177.447 -6.40065e-11
177.703 -7.1974e-11
177.959 -8.09333e-11
178.215 -9.10078e-11
178.471 -1.02336e-10
178.727 -1.15075e-10
178.983 -1.294e-10
179.239 -1.45508e-10
179.495 -1.6362e-10
179.751 -1.83988e-10
180.007 -2.0689e-10
180.007 -2.0689e-10
180.135 -5.77498e-11
180.263 -1.61199e-11
