0 0.01
0.001 0.0100129
0.003 0.010056
0.005 0.0101212
0.007 0.0102075
0.009 0.0103142
0.011 0.0104402
0.013 0.0105847
0.015 0.010747
0.017 0.0109261
0.019 0.0111213
0.021 0.0113318
0.023 0.011557
0.025 0.011796
0.027 0.0120481
0.029 0.0123128
0.031 0.0125893
0.033 0.012877
0.035 0.0131752
0.039 0.0138012
0.043 0.0144626
0.047 0.0151551
0.051 0.0158748
0.055 0.0166178
0.059 0.0173806
0.063 0.0181601
0.067 0.018953
0.071 0.0197565
0.075 0.020568
0.079 0.0213849
0.083 0.0222049
0.087 0.0230258
0.091 0.0238457
0.095 0.0246627
0.099 0.025475
0.103 0.0262812
0.107 0.0270796
0.111 0.027869
0.115 0.0286482
0.119 0.029416
0.123 0.0301713
0.127 0.0309132
0.131 0.031641
0.135 0.0323537
0.139 0.0330507
0.143 0.0337315
0.147 0.0343953
0.151 0.0350419
0.155 0.0356706
0.159 0.0362812
0.163 0.0368733
0.167 0.0374467
0.171 0.0380012
0.175 0.0385365
0.179 0.0390526
0.183 0.0395493
0.187 0.0400266
0.191 0.0404845
0.195 0.0409229
0.199 0.041342
0.203 0.0417416
0.207 0.0421221
0.211 0.0424833
0.215 0.0428255
0.219 0.0431489
0.223 0.0434535
0.227 0.0437396
0.231 0.0440074
0.235 0.0442571
0.239 0.0444889
0.243 0.044703
0.247 0.0448997
0.251 0.0450792
0.255 0.0452418
0.259 0.0453879
0.263 0.0455175
0.267 0.0456312
0.271 0.045729
0.275 0.0458114
0.279 0.0458786
0.283 0.0459309
0.287 0.0459687
0.291 0.0459922
0.295 0.0460017
0.299 0.0459975
0.303 0.04598
0.307 0.0459495
0.311 0.0459062
0.315 0.0458505
0.319 0.0457827
0.327 0.0456119
0.335 0.0453962
0.343 0.045138
0.351 0.0448397
0.359 0.0445035
0.367 0.0441316
0.375 0.0437263
0.383 0.0432896
0.391 0.0428235
0.399 0.0423302
0.407 0.0418115
0.415 0.0412693
0.423 0.0407053
0.431 0.0401213
0.439 0.039519
0.447 0.0388998
0.455 0.0382654
0.463 0.0376172
0.471 0.0369567
0.479 0.036285
0.487 0.0356036
0.495 0.0349135
0.503 0.034216
0.519 0.0328031
0.535 0.0313728
0.551 0.0299326
0.567 0.0284888
0.583 0.0270473
0.599 0.0256132
0.615 0.0241911
0.631 0.0227848
0.647 0.021398
0.663 0.0200334
0.679 0.0186938
0.695 0.0173812
0.711 0.0160976
0.727 0.0148443
0.743 0.0136226
0.759 0.0124335
0.775 0.0112778
0.791 0.0101559
0.807 0.00906816
0.823 0.00801486
0.839 0.00699602
0.855 0.00601155
0.871 0.00506127
0.887 0.00414491
0.903 0.00326211
0.919 0.00241242
0.935 0.00159535
0.951 0.000810352
0.967 5.68339e-05
0.983 -0.000665836
0.999 -0.00135832
1.015 -0.0020213
1.031 -0.00265548
1.047 -0.00326158
1.063 -0.00384034
1.079 -0.00439247
1.095 -0.00491873
1.111 -0.00541985
1.127 -0.00589657
1.143 -0.00634963
1.159 -0.00677974
1.175 -0.00718763
1.191 -0.00757402
1.207 -0.00793959
1.223 -0.00828504
1.239 -0.00861104
1.255 -0.00891826
1.271 -0.00920735
1.287 -0.00947894
1.319 -0.00997209
1.351 -0.0104025
1.383 -0.0107748
1.415 -0.0110932
1.447 -0.0113618
1.479 -0.0115845
1.511 -0.0117649
1.543 -0.0119063
1.575 -0.012012
1.607 -0.012085
1.639 -0.0121279
1.671 -0.0121435
1.703 -0.0121342
1.735 -0.0121022
1.767 -0.0120496
1.799 -0.0119784
1.831 -0.0118904
1.863 -0.0117874
1.895 -0.0116708
1.927 -0.0115421
1.959 -0.0114027
1.991 -0.0112539
2.023 -0.0110967
2.055 -0.0109323
2.087 -0.0107616
2.119 -0.0105855
2.151 -0.0104049
2.183 -0.0102205
2.215 -0.010033
2.247 -0.00984312
2.279 -0.00965141
2.311 -0.00945841
2.343 -0.00926461
2.375 -0.00907046
2.407 -0.00887639
2.439 -0.00868275
2.471 -0.00848988
2.503 -0.0082981
2.535 -0.00810767
2.567 -0.00791885
2.599 -0.00773185
2.631 -0.00754687
2.663 -0.00736409
2.727 -0.00700574
2.791 -0.00665782
2.855 -0.00632109
2.919 -0.0059961
2.983 -0.00568323
3.047 -0.00538269
3.111 -0.00509457
3.175 -0.00481883
3.239 -0.00455537
3.303 -0.00430401
3.367 -0.00406451
3.431 -0.00383657
3.495 -0.00361987
3.559 -0.00341407
3.623 -0.00321879
3.687 -0.00303366
3.751 -0.00285827
3.815 -0.00269223
3.879 -0.00253514
3.943 -0.00238661
4.007 -0.00224626
4.071 -0.00211369
4.135 -0.00198854
4.199 -0.00187044
4.263 -0.00175904
4.327 -0.00165399
4.391 -0.00155498
4.455 -0.00146169
4.519 -0.0013738
4.583 -0.00129103
4.647 -0.00121311
4.711 -0.00113977
4.775 -0.00107074
4.839 -0.0010058
4.903 -0.000944715
4.967 -0.000887263
5.031 -0.000833238
5.095 -0.000782445
5.159 -0.000734697
5.223 -0.000689818
5.287 -0.000647641
5.351 -0.000608008
5.415 -0.00057077
5.543 -0.000502922
5.671 -0.000443062
5.799 -0.000390266
5.927 -0.000343715
6.055 -0.00030268
6.183 -0.000266517
6.311 -0.000234653
6.439 -0.000206581
6.567 -0.000181855
6.695 -0.000160079
6.823 -0.000140902
6.951 -0.000124017
7.079 -0.00010915
7.207 -9.60626e-05
7.335 -8.45413e-05
7.463 -7.43996e-05
7.591 -6.54729e-05
7.719 -5.76159e-05
7.847 -5.07009e-05
7.975 -4.4615e-05
8.103 -3.9259e-05
8.231 -3.45455e-05
8.359 -3.03976e-05
8.487 -2.67475e-05
8.615 -2.35354e-05
8.743 -2.07089e-05
8.871 -1.82218e-05
8.999 -1.60332e-05
9.255 -1.24131e-05
9.511 -9.61014e-06
9.767 -7.44003e-06
10.023 -5.7599e-06
10.279 -4.45915e-06
10.535 -3.45213e-06
10.791 -2.67251e-06
11.047 -2.06895e-06
11.303 -1.6017e-06
11.559 -1.23996e-06
11.815 -9.59925e-07
12.071 -7.4313e-07
12.327 -5.75296e-07
12.583 -4.45367e-07
13.095 -2.67028e-07
13.607 -1.601e-07
14.119 -9.59553e-08
14.119 -9.59553e-08
14.375 -7.42713e-08
14.631 -5.7483e-08
14.887 -4.44846e-08
15.143 -3.44199e-08
15.399 -2.6626e-08
15.655 -2.05899e-08
15.911 -1.59142e-08
16.167 -1.22913e-08
16.423 -9.48309e-09
16.679 -7.30509e-09
16.935 -5.61449e-09
16.935 -5.61449e-09
17.063 -5.01852e-09
17.191 -4.4375e-09
17.447 -3.43172e-09
17.703 -2.65265e-09
17.959 -2.04904e-09
18.215 -1.58119e-09
18.471 -1.21837e-09
18.727 -9.3678e-10
18.983 -7.1799e-10
19.239 -5.47714e-10
19.495 -4.14885e-10
19.751 -3.10918e-10
20.007 -2.29155e-10
20.263 -1.64421e-10
20.519 -1.12691e-10
20.775 -7.08279e-11
21.031 -3.63764e-11
21.287 -7.40849e-12
21.543 1.76003e-11
21.799 3.98657e-11
22.055 6.03689e-11
22.311 7.99144e-11
22.567 9.91758e-11
22.823 1.18731e-10
22.823 1.18731e-10
22.951 2.35705e-11
23.079 -1.84201e-12
23.335 2.24978e-12
23.591 5.87501e-12
23.847 9.19601e-12
24.103 1.23455e-11
24.359 1.54343e-11
24.615 1.85571e-11
24.871 2.17972e-11
25.127 2.52305e-11
25.383 2.89287e-11
25.639 3.29613e-11
25.895 3.73983e-11
26.151 4.23123e-11
26.407 4.77796e-11
26.663 5.38821e-11
26.919 6.07094e-11
27.175 6.83594e-11
27.431 7.69406e-11
27.687 8.65739e-11
27.943 9.73936e-11
28.199 1.09551e-10
28.455 1.23213e-10
28.711 1.38571e-10
28.711 1.38571e-10
28.839 3.86531e-11
28.967 1.0766e-11
29.223 1.21181e-11
29.479 1.36358e-11
29.735 1.53404e-11
29.991 1.72555e-11
30.247 1.94078e-11
30.503 2.1827e-11
30.759 2.45466e-11
31.015 2.76042e-11
31.271 3.10419e-11
31.527 3.49072e-11
31.783 3.92533e-11
32.039 4.41403e-11
32.295 4.96354e-11
32.551 5.58145e-11
32.807 6.27626e-11
33.063 7.05755e-11
33.319 7.93609e-11
33.575 8.92399e-11
33.831 1.00349e-10
34.087 1.1284e-10
34.343 1.26886e-10
34.599 1.42681e-10
34.599 1.42681e-10
34.727 3.98269e-11
34.855 1.11169e-11
35.111 1.25008e-11
35.367 1.40569e-11
35.623 1.58067e-11
35.879 1.77744e-11
36.135 1.99869e-11
36.391 2.24749e-11
36.647 2.52726e-11
36.903 2.84185e-11
37.159 3.1956e-11
37.415 3.59339e-11
37.671 4.0407e-11
37.927 4.54368e-11
38.183 5.10928e-11
38.439 5.74528e-11
38.695 6.46046e-11
38.951 7.26465e-11
39.207 8.16895e-11
39.463 9.18582e-11
39.719 1.03293e-10
39.975 1.16151e-10
40.231 1.30609e-10
40.231 1.30609e-10
40.359 3.64572e-11
40.487 1.01764e-11
40.743 1.14431e-11
40.999 1.28676e-11
41.255 1.44693e-11
41.511 1.62705e-11
41.767 1.82958e-11
42.023 2.05733e-11
42.279 2.31343e-11
42.535 2.6014e-11
42.791 2.92522e-11
43.047 3.28935e-11
43.303 3.69881e-11
43.559 4.15924e-11
43.815 4.67698e-11
44.071 5.25917e-11
44.327 5.91383e-11
44.583 6.64998e-11
44.839 7.47777e-11
45.095 8.4086e-11
45.351 9.4553e-11
45.607 1.06323e-10
45.863 1.19558e-10
46.119 1.34441e-10
46.119 1.34441e-10
46.247 3.75267e-11
46.375 1.04749e-11
46.631 1.17788e-11
46.887 1.32451e-11
47.143 1.48938e-11
47.399 1.67478e-11
47.655 1.88326e-11
47.911 2.11768e-11
48.167 2.38129e-11
48.423 2.67772e-11
48.679 3.01104e-11
48.935 3.38585e-11
49.191 3.80732e-11
49.447 4.28126e-11
49.703 4.81419e-11
49.959 5.41345e-11
50.215 6.08732e-11
50.471 6.84507e-11
50.727 7.69714e-11
50.983 8.65528e-11
51.239 9.73269e-11
51.495 1.09442e-10
51.751 1.23065e-10
52.007 1.38385e-10
52.007 1.38385e-10
52.135 3.86276e-11
52.263 1.07822e-11
52.519 1.21244e-11
52.775 1.36336e-11
53.031 1.53308e-11
53.287 1.72391e-11
53.543 1.9385e-11
53.799 2.17981e-11
54.055 2.45115e-11
54.311 2.75627e-11
54.567 3.09937e-11
54.823 3.48518e-11
55.079 3.91901e-11
55.335 4.40685e-11
55.591 4.95542e-11
55.847 5.57227e-11
56.103 6.2659e-11
56.359 7.04588e-11
56.615 7.92295e-11
56.871 8.9092e-11
57.127 1.00182e-10
57.383 1.12653e-10
57.639 1.26676e-10
57.895 1.42444e-10
57.895 1.42444e-10
58.023 3.97608e-11
58.151 1.10985e-11
58.407 1.24801e-11
58.663 1.40336e-11
58.919 1.57805e-11
59.175 1.77449e-11
59.431 1.99537e-11
59.687 2.24376e-11
59.943 2.52306e-11
60.199 2.83713e-11
60.455 3.1903e-11
60.711 3.58742e-11
60.967 4.03398e-11
61.223 4.53613e-11
61.479 5.10079e-11
61.735 5.73574e-11
61.991 6.44972e-11
62.247 7.25258e-11
62.503 8.15538e-11
62.759 9.17056e-11
63.015 1.03121e-10
63.271 1.15958e-10
63.527 1.30392e-10
63.527 1.30392e-10
63.655 3.63966e-11
63.783 1.01595e-11
64.039 1.14241e-11
64.295 1.28462e-11
64.551 1.44453e-11
64.807 1.62434e-11
65.063 1.82654e-11
65.319 2.05391e-11
65.575 2.30958e-11
65.831 2.59708e-11
66.087 2.92036e-11
66.343 3.28389e-11
66.599 3.69267e-11
66.855 4.15233e-11
67.111 4.66921e-11
67.367 5.25043e-11
67.623 5.904e-11
67.879 6.63893e-11
68.135 7.46535e-11
68.391 8.39463e-11
68.647 9.43959e-11
68.903 1.06146e-10
69.159 1.19359e-10
69.415 1.34217e-10
69.415 1.34217e-10
69.543 3.74644e-11
69.671 1.04575e-11
69.927 1.17593e-11
70.183 1.32231e-11
70.439 1.48691e-11
70.695 1.672e-11
70.951 1.88013e-11
71.207 2.11417e-11
71.463 2.37734e-11
71.719 2.67327e-11
71.975 3.00603e-11
72.231 3.38023e-11
72.487 3.80099e-11
72.743 4.27414e-11
72.999 4.80619e-11
73.255 5.40446e-11
73.511 6.07721e-11
73.767 6.8337e-11
74.023 7.68435e-11
74.279 8.6409e-11
74.535 9.71652e-11
74.791 1.0926e-10
75.047 1.22861e-10
75.303 1.38155e-10
75.303 1.38155e-10
75.431 3.85635e-11
75.559 1.07643e-11
75.815 1.21043e-11
76.071 1.3611e-11
76.327 1.53053e-11
76.583 1.72105e-11
76.839 1.93528e-11
77.095 2.17619e-11
77.351 2.44708e-11
77.607 2.75169e-11
77.863 3.09422e-11
78.119 3.47939e-11
78.375 3.9125e-11
78.631 4.39953e-11
78.887 4.94718e-11
79.143 5.56301e-11
79.399 6.25549e-11
79.655 7.03417e-11
79.911 7.90978e-11
80.167 8.89439e-11
80.423 1.00016e-10
80.679 1.12466e-10
80.935 1.26465e-10
81.191 1.42208e-10
81.191 1.42208e-10
81.319 3.96948e-11
81.447 1.10801e-11
81.703 1.24593e-11
81.959 1.40103e-11
82.215 1.57543e-11
82.471 1.77154e-11
82.727 1.99206e-11
82.983 2.24003e-11
83.239 2.51887e-11
83.495 2.83242e-11
83.751 3.18499e-11
84.007 3.58146e-11
84.263 4.02728e-11
84.519 4.5286e-11
84.775 5.09232e-11
85.031 5.72621e-11
85.287 6.439e-11
85.543 7.24053e-11
85.799 8.14183e-11
86.055 9.15532e-11
86.311 1.0295e-10
86.567 1.15765e-10
86.823 1.30175e-10
86.823 1.30175e-10
86.951 3.63362e-11
87.079 1.01426e-11
87.335 1.14052e-11
87.591 1.28249e-11
87.847 1.44213e-11
88.103 1.62165e-11
88.359 1.82351e-11
88.615 2.0505e-11
88.871 2.30574e-11
89.127 2.59276e-11
89.383 2.91551e-11
89.639 3.27843e-11
89.895 3.68653e-11
90.151 4.14543e-11
90.407 4.66145e-11
90.663 5.24171e-11
90.919 5.89419e-11
91.175 6.6279e-11
91.431 7.45294e-11
91.687 8.38068e-11
91.943 9.42391e-11
92.199 1.0597e-10
92.455 1.19161e-10
92.711 1.33994e-10
92.711 1.33994e-10
92.839 3.74021e-11
92.967 1.04401e-11
93.223 1.17397e-11
93.479 1.32011e-11
93.735 1.48444e-11
93.991 1.66922e-11
94.247 1.877e-11
94.503 2.11065e-11
94.759 2.37339e-11
95.015 2.66882e-11
95.271 3.00104e-11
95.527 3.37461e-11
95.783 3.79468e-11
96.039 4.26704e-11
96.295 4.7982e-11
96.551 5.39548e-11
96.807 6.06711e-11
97.063 6.82234e-11
97.319 7.67158e-11
97.575 8.62654e-11
97.831 9.70037e-11
98.087 1.09079e-10
98.343 1.22657e-10
98.599 1.37925e-10
98.599 1.37925e-10
98.727 3.84994e-11
98.855 1.07464e-11
99.111 1.20841e-11
99.367 1.35884e-11
99.623 1.52798e-11
99.879 1.71819e-11
100.135 1.93207e-11
100.391 2.17257e-11
100.647 2.44301e-11
100.903 2.74712e-11
101.159 3.08908e-11
101.415 3.47361e-11
101.671 3.906e-11
101.927 4.39222e-11
102.183 4.93896e-11
102.439 5.55376e-11
102.695 6.24509e-11
102.951 7.02248e-11
103.207 7.89664e-11
103.463 8.87961e-11
103.719 9.98495e-11
103.975 1.12279e-10
104.231 1.26255e-10
104.487 1.41971e-10
104.487 1.41971e-10
104.615 3.96288e-11
104.743 1.10617e-11
104.999 1.24386e-11
105.255 1.3987e-11
105.511 1.57281e-11
105.767 1.76859e-11
106.023 1.98875e-11
106.279 2.23631e-11
106.535 2.51468e-11
106.791 2.82771e-11
107.047 3.1797e-11
107.303 3.57551e-11
107.559 4.02059e-11
107.815 4.52107e-11
108.071 5.08385e-11
108.327 5.71669e-11
108.583 6.4283e-11
108.839 7.2285e-11
109.095 8.1283e-11
109.351 9.14011e-11
109.607 1.02779e-10
109.863 1.15573e-10
110.119 1.29959e-10
110.119 1.29959e-10
110.247 3.62758e-11
110.375 1.01257e-11
110.631 1.13862e-11
110.887 1.28036e-11
111.143 1.43973e-11
111.399 1.61895e-11
111.655 1.82048e-11
111.911 2.04709e-11
112.167 2.30191e-11
112.423 2.58845e-11
112.679 2.91066e-11
112.935 3.27298e-11
113.191 3.6804e-11
113.447 4.13854e-11
113.703 4.6537e-11
113.959 5.233e-11
114.215 5.8844e-11
114.471 6.61689e-11
114.727 7.44056e-11
114.983 8.36676e-11
115.239 9.40825e-11
115.495 1.05794e-10
115.751 1.18963e-10
116.007 1.33772e-10
116.007 1.33772e-10
116.135 3.734e-11
116.263 1.04228e-11
116.519 1.17202e-11
116.775 1.31792e-11
117.031 1.48197e-11
117.287 1.66645e-11
117.543 1.87388e-11
117.799 2.10715e-11
118.055 2.36944e-11
118.311 2.66439e-11
118.567 2.99605e-11
118.823 3.369e-11
119.079 3.78837e-11
119.335 4.25995e-11
119.591 4.79023e-11
119.847 5.38651e-11
120.103 6.05703e-11
120.359 6.811e-11
120.615 7.65884e-11
120.871 8.61221e-11
121.127 9.68425e-11
121.383 1.08897e-10
121.639 1.22453e-10
121.895 1.37696e-10
121.895 1.37696e-10
122.023 3.84354e-11
122.151 1.07286e-11
122.407 1.20641e-11
122.663 1.35658e-11
122.919 1.52545e-11
123.175 1.71533e-11
123.431 1.92886e-11
123.687 2.16896e-11
123.943 2.43895e-11
124.199 2.74255e-11
124.455 3.08395e-11
124.711 3.46784e-11
124.967 3.89951e-11
125.223 4.38492e-11
125.479 4.93076e-11
125.735 5.54453e-11
125.991 6.23472e-11
126.247 7.01081e-11
126.503 7.88352e-11
126.759 8.86486e-11
127.015 9.96835e-11
127.271 1.12092e-10
127.527 1.26045e-10
127.783 1.41735e-10
127.783 1.41735e-10
127.911 3.9563e-11
128.039 1.10433e-11
128.295 1.2418e-11
128.551 1.39638e-11
128.807 1.5702e-11
129.063 1.76565e-11
129.319 1.98544e-11
129.575 2.23259e-11
129.831 2.5105e-11
130.087 2.82301e-11
130.343 3.17442e-11
130.599 3.56957e-11
130.855 4.01391e-11
131.111 4.51356e-11
131.367 5.07541e-11
131.623 5.70719e-11
131.879 6.41762e-11
132.135 7.21649e-11
132.391 8.11479e-11
132.647 9.12492e-11
132.903 1.02608e-10
133.159 1.15381e-10
133.415 1.29743e-10
133.415 1.29743e-10
133.543 3.62155e-11
133.671 1.01089e-11
133.927 1.13673e-11
134.183 1.27823e-11
134.439 1.43734e-11
134.695 1.61626e-11
134.951 1.81745e-11
135.207 2.04369e-11
135.463 2.29809e-11
135.719 2.58415e-11
135.975 2.90583e-11
136.231 3.26754e-11
136.487 3.67429e-11
136.743 4.13166e-11
136.999 4.64597e-11
137.255 5.2243e-11
137.511 5.87462e-11
137.767 6.60589e-11
138.023 7.42819e-11
138.279 8.35285e-11
138.535 9.39261e-11
138.791 1.05618e-10
139.047 1.18765e-10
139.303 1.33549e-10
139.303 1.33549e-10
139.431 3.72779e-11
139.559 1.04055e-11
139.815 1.17008e-11
140.071 1.31573e-11
140.327 1.47951e-11
140.583 1.66368e-11
140.839 1.87077e-11
141.095 2.10364e-11
141.351 2.3655e-11
141.607 2.65996e-11
141.863 2.99107e-11
142.119 3.3634e-11
142.375 3.78208e-11
142.631 4.25287e-11
142.887 4.78227e-11
143.143 5.37756e-11
143.399 6.04696e-11
143.655 6.79969e-11
143.911 7.64611e-11
144.167 8.5979e-11
144.423 9.66816e-11
144.679 1.08717e-10
144.935 1.2225e-10
145.191 1.37467e-10
145.191 1.37467e-10
145.319 3.83715e-11
145.447 1.07107e-11
145.703 1.2044e-11
145.959 1.35433e-11
146.215 1.52291e-11
146.471 1.71248e-11
146.727 1.92565e-11
146.983 2.16536e-11
147.239 2.4349e-11
147.495 2.738e-11
147.751 3.07882e-11
148.007 3.46207e-11
148.263 3.89303e-11
148.519 4.37763e-11
148.775 4.92256e-11
149.031 5.53532e-11
149.287 6.22436e-11
149.543 6.99916e-11
149.799 7.87042e-11
150.055 8.85013e-11
150.311 9.95179e-11
150.567 1.11906e-10
150.823 1.25836e-10
151.079 1.415e-10
151.079 1.415e-10
151.207 3.94972e-11
151.335 1.1025e-11
151.591 1.23973e-11
151.847 1.39406e-11
152.103 1.56759e-11
152.359 1.76272e-11
152.615 1.98214e-11
152.871 2.22888e-11
153.127 2.50633e-11
153.383 2.81832e-11
153.639 3.16914e-11
153.895 3.56364e-11
154.151 4.00724e-11
154.407 4.50606e-11
154.663 5.06697e-11
154.919 5.69771e-11
155.175 6.40696e-11
155.431 7.2045e-11
155.687 8.10131e-11
155.943 9.10976e-11
156.199 1.02437e-10
156.455 1.15189e-10
156.711 1.29527e-10
156.711 1.29527e-10
156.839 3.61553e-11
156.967 1.00921e-11
157.223 1.13484e-11
157.479 1.2761e-11
157.735 1.43495e-11
157.991 1.61358e-11
158.247 1.81443e-11
158.503 2.04029e-11
158.759 2.29427e-11
159.015 2.57986e-11
159.271 2.901e-11
159.527 3.26211e-11
159.783 3.66818e-11
160.039 4.1248e-11
160.295 4.63825e-11
160.551 5.21562e-11
160.807 5.86486e-11
161.063 6.59492e-11
161.319 7.41585e-11
161.575 8.33897e-11
161.831 9.37701e-11
162.087 1.05443e-10
162.343 1.18568e-10
162.599 1.33327e-10
162.599 1.33327e-10
162.727 3.7216e-11
162.855 1.03882e-11
163.111 1.16813e-11
163.367 1.31354e-11
163.623 1.47705e-11
163.879 1.66091e-11
164.135 1.86766e-11
164.391 2.10015e-11
164.647 2.36157e-11
164.903 2.65554e-11
165.159 2.9861e-11
165.415 3.35781e-11
165.671 3.77579e-11
165.927 4.2458e-11
166.183 4.77432e-11
166.439 5.36863e-11
166.695 6.03691e-11
166.951 6.78839e-11
167.207 7.6334e-11
167.463 8.58361e-11
167.719 9.6521e-11
167.975 1.08536e-10
168.231 1.22046e-10
168.487 1.37239e-10
168.487 1.37239e-10
168.615 3.83078e-11
168.743 1.06929e-11
168.999 1.2024e-11
169.255 1.35207e-11
169.511 1.52038e-11
169.767 1.70964e-11
170.023 1.92245e-11
170.279 2.16176e-11
170.535 2.43085e-11
170.791 2.73345e-11
171.047 3.07371e-11
171.303 3.45632e-11
171.559 3.88656e-11
171.815 4.37036e-11
172.071 4.91438e-11
172.327 5.52612e-11
172.583 6.21401e-11
172.839 6.98753e-11
173.095 7.85734e-11
173.351 8.83542e-11
173.607 9.93525e-11
173.863 1.1172e-10
174.119 1.25627e-10
174.375 1.41265e-10
174.375 1.41265e-10
174.503 3.94316e-11
174.631 1.10066e-11
174.887 1.23767e-11
175.143 1.39174e-11
175.399 1.56498e-11
175.655 1.75979e-11
175.911 1.97885e-11
176.167 2.22518e-11
176.423 2.50217e-11
176.679 2.81364e-11
176.935 3.16388e-11
177.191 3.55772e-11
177.447 4.00058e-11
177.703 4.49857e-11
177.959 5.05855e-11
178.215 5.68824e-11
178.471 6.39631e-11
178.727 7.19252e-11
178.983 8.08785e-11
179.239 9.09462e-11
179.495 1.02267e-10
179.751 1.14997e-10
180.007 1.29312e-10
180.007 1.29312e-10
180.135 3.60952e-11
180.263 1.00754e-11
