0 1
0.1 0.47566
0.2 -0.308994
0.3 -0.817337
0.4 -0.623959
0.5 -0.0945663
0.6 0.355916
0.7 0.562471
0.8 0.552345
0.9 0.42046
1 0.252747
1.1 0.101541
1.2 -0.0114055
1.3 -0.0837022
1.4 -0.122146
1.5 -0.136154
1.6 -0.134435
1.7 -0.123759
1.8 -0.108844
1.9 -0.0926972
2 -0.0770727
2.1 -0.0628764
2.2 -0.0504815
2.3 -0.0399485
2.4 -0.0311701
2.5 -0.0239601
2.6 -0.0181066
2.7 -0.0134005
2.8 -0.0096499
2.9 -0.00668597
3 -0.00436409
3.1 -0.0025626
3.2 -0.00118034
3.3 -0.000134034
3.4 0.000644499
3.5 0.00121074
3.6 0.00160969
3.7 0.00187765
3.8 0.00204389
3.9 0.00213183
4 0.00216025
4.1 0.00214405
4.2 0.00209507
4.3 0.00202266
4.4 0.00193412
4.5 0.00183517
4.6 0.00173021
4.7 0.00162261
4.8 0.00151491
4.9 0.00140898
5 0.00130621
5.1 0.00120754
5.2 0.00111362
5.3 0.00102483
5.4 0.000941369
5.5 0.000863305
5.6 0.000790581
5.7 0.000723068
5.8 0.00066058
5.9 0.000602893
6 0.000549758
6.1 0.00050091
6.2 0.000456083
6.3 0.000415006
6.4 0.000377417
6.5 0.00034306
6.6 0.00031169
6.7 0.000283074
6.8 0.000256991
6.9 0.000233236
7 0.000211614
7.1 0.000191945
7.2 0.000174064
7.3 0.000157814
7.4 0.000143054
7.5 0.000129651
7.6 0.000117486
7.7 0.000106447
7.8 9.64333e-05
7.9 8.73513e-05
8 7.91163e-05
8.1 7.16509e-05
8.2 6.48845e-05
8.3 5.87525e-05
8.4 5.31963e-05
8.5 4.81626e-05
8.6 4.36027e-05
8.7 3.94725e-05
8.8 3.57318e-05
8.9 3.23443e-05
9 2.92769e-05
9.1 2.64994e-05
9.2 2.39847e-05
9.3 2.1708e-05
9.4 1.96469e-05
9.5 1.77811e-05
9.6 1.60922e-05
9.7 1.45634e-05
9.8 1.31797e-05
9.9 1.19272e-05
10 1.07936e-05
10.1 9.7676e-06
10.2 8.83904e-06
10.3 7.99868e-06
10.4 7.23814e-06
10.5 6.54986e-06
10.6 5.92699e-06
10.7 5.36331e-06
10.8 4.85321e-06
10.9 4.3916e-06
11 3.97388e-06
11.1 3.59587e-06
11.2 3.25381e-06
11.3 2.94427e-06
11.4 2.66417e-06
11.5 2.41072e-06
11.6 2.18136e-06
11.7 1.97383e-06
11.8 1.78603e-06
11.9 1.6161e-06
12 1.46233e-06
12.1 1.3232e-06
12.2 1.19729e-06
12.3 1.08337e-06
12.4 9.80286e-07
12.5 8.87009e-07
12.6 8.02607e-07
12.7 7.26235e-07
12.8 6.5713e-07
12.9 5.946e-07
13 5.3802e-07
13.1 4.86824e-07
13.2 4.40499e-07
13.3 3.98582e-07
13.4 3.60653e-07
13.5 3.26334e-07
13.6 2.9528e-07
13.7 2.67181e-07
13.8 2.41756e-07
13.9 2.18751e-07
14 1.97934e-07
14.1 1.79099e-07
14.2 1.62056e-07
14.3 1.46634e-07
14.4 1.3268e-07
14.5 1.20054e-07
14.6 1.0863e-07
14.7 9.82924e-08
14.8 8.89387e-08
14.9 8.04752e-08
15 7.2817e-08
15.1 6.58876e-08
15.2 5.96176e-08
15.3 5.39443e-08
15.4 4.88108e-08
15.5 4.41659e-08
15.6 3.9963e-08
15.7 3.616e-08
15.8 3.27189e-08
15.9 2.96053e-08
16 2.6788e-08
