0 1
0.1 0.47566
0.2 0.106499
0.3 -0.0929593
0.4 -0.17883
0.5 -0.200816
0.6 -0.191043
0.7 -0.167813
0.8 -0.140744
0.9 -0.11449
1 -0.0910387
1.1 -0.0710114
1.2 -0.0543719
1.3 -0.0407996
1.4 -0.0298776
1.5 -0.021184
1.6 -0.0143321
1.7 -0.00898433
1.8 -0.0048546
1.9 -0.00170457
2 0.000662097
2.1 0.0024059
2.2 0.00365727
2.3 0.00452176
2.4 0.00508449
2.5 0.00541382
2.6 0.00556448
2.7 0.00558015
2.8 0.00549553
2.9 0.00533805
3 0.00512931
3.1 0.0048862
3.2 0.00462181
3.3 0.00434622
3.4 0.00406708
3.5 0.00379014
3.6 0.00351959
3.7 0.00325846
3.8 0.00300879
3.9 0.00277193
4 0.00254865
4.1 0.00233927
4.2 0.00214381
4.3 0.00196203
4.4 0.00179351
4.5 0.00163774
4.6 0.00149408
4.7 0.00136189
4.8 0.00124047
4.9 0.00112911
5 0.00102715
5.1 0.000933887
5.2 0.00084869
5.3 0.000770935
5.4 0.000700033
5.5 0.000635433
5.6 0.000576614
5.7 0.000523094
5.8 0.000474421
5.9 0.00043018
6 0.000389985
6.1 0.00035348
6.2 0.000320339
6.3 0.000290262
6.4 0.000262973
6.5 0.000238221
6.6 0.000215775
6.7 0.000195424
6.8 0.000176977
6.9 0.000160258
7 0.000145108
7.1 0.000131381
7.2 0.000118946
7.3 0.000107682
7.4 9.74795e-05
7.5 8.824e-05
7.6 7.98731e-05
7.7 7.22969e-05
7.8 6.54372e-05
7.9 5.92267e-05
8 5.36041e-05
8.1 4.85141e-05
8.2 4.39065e-05
8.3 3.97357e-05
8.4 3.59604e-05
8.5 3.25433e-05
8.6 2.94505e-05
8.7 2.66513e-05
8.8 2.41178e-05
8.9 2.1825e-05
9 1.97499e-05
9.1 1.78719e-05
9.2 1.61724e-05
9.3 1.46344e-05
9.4 1.32426e-05
9.5 1.19831e-05
9.6 1.08433e-05
9.7 9.81187e-06
9.8 8.87852e-06
9.9 8.03392e-06
10 7.26964e-06
10.1 6.57805e-06
10.2 5.95223e-06
10.3 5.38594e-06
10.4 4.87351e-06
10.5 4.40982e-06
10.6 3.99025e-06
10.7 3.61059e-06
10.8 3.26705e-06
10.9 2.95619e-06
11 2.6749e-06
11.1 2.42038e-06
11.2 2.19007e-06
11.3 1.98168e-06
11.4 1.79311e-06
11.5 1.62249e-06
11.6 1.4681e-06
11.7 1.3284e-06
11.8 1.20199e-06
11.9 1.08761e-06
12 9.84116e-07
12.1 8.90468e-07
12.2 8.05732e-07
12.3 7.29059e-07
12.4 6.59682e-07
12.5 5.96907e-07
12.6 5.40105e-07
12.7 4.88708e-07
12.8 4.42202e-07
12.9 4.00122e-07
13 3.62046e-07
13.1 3.27593e-07
13.2 2.96419e-07
13.3 2.68211e-07
13.4 2.42688e-07
13.5 2.19593e-07
13.6 1.98697e-07
13.7 1.79788e-07
13.8 1.62679e-07
13.9 1.47198e-07
14 1.33191e-07
14.1 1.20516e-07
14.2 1.09047e-07
14.3 9.86702e-08
14.4 8.92805e-08
14.5 8.07844e-08
14.6 7.30968e-08
14.7 6.61407e-08
14.8 5.98466e-08
14.9 5.41515e-08
15 4.89983e-08
15.1 4.43355e-08
15.2 4.01164e-08
15.3 3.62988e-08
15.4 3.28446e-08
15.5 2.9719e-08
15.6 2.68909e-08
15.7 2.43319e-08
15.8 2.20164e-08
15.9 1.99212e-08
16 1.80255e-08
