0 -2.08799
0.1 -1.57373
0.2 -1.16561
0.3 -0.843166
0.4 -0.589746
0.5 -0.391835
0.6 -0.23846
0.7 -0.120723
0.8 -0.0314195
0.9 0.0352804
1 0.0840843
1.1 0.118789
1.2 0.142449
1.3 0.15752
1.4 0.165968
1.5 0.169363
1.6 0.168956
1.7 0.165741
1.8 0.1605
1.9 0.153848
2 0.146267
2.1 0.138128
2.2 0.129715
2.3 0.121245
2.4 0.112879
2.5 0.104734
2.6 0.0968936
2.7 0.0894137
2.8 0.0823301
2.9 0.0756623
3 0.0694174
3.1 0.0635937
3.2 0.0581823
3.3 0.0531699
3.4 0.0485394
3.5 0.0442717
3.6 0.0403464
3.7 0.0367426
3.8 0.0334389
3.9 0.0304147
4 0.0276497
4.1 0.0251243
4.2 0.0228201
4.3 0.0207194
4.4 0.0188058
4.5 0.0170638
4.6 0.0154789
4.7 0.0140377
4.8 0.012728
4.9 0.0115381
5 0.0104576
5.1 0.00947678
5.2 0.00858667
5.3 0.00777915
5.4 0.00704673
5.5 0.00638258
5.6 0.00578047
5.7 0.0052347
5.8 0.00474008
5.9 0.0042919
6 0.00388584
6.1 0.00351799
6.2 0.0031848
6.3 0.00288302
6.4 0.00260973
6.5 0.00236225
6.6 0.00213817
6.7 0.00193528
6.8 0.00175159
6.9 0.0015853
7 0.00143476
7.1 0.00129848
7.2 0.00117513
7.3 0.00106348
7.4 0.000962419
7.5 0.00087095
7.6 0.000788165
7.7 0.00071324
7.8 0.000645431
7.9 0.000584063
8 0.000528526
8.1 0.000478265
8.2 0.000432781
8.3 0.000391621
8.4 0.000354373
8.5 0.000320665
8.6 0.000290163
8.7 0.000262561
8.8 0.000237584
8.9 0.000214982
9 0.00019453
9.1 0.000176023
9.2 0.000159276
9.3 0.000144122
9.4 0.000130409
9.5 0.000118002
9.6 0.000106774
9.7 9.66145e-05
9.8 8.74216e-05
9.9 7.91033e-05
10 7.15764e-05
10.1 6.47657e-05
10.2 5.86029e-05
10.3 5.30266e-05
10.4 4.79808e-05
10.5 4.34151e-05
10.6 3.92839e-05
10.7 3.55457e-05
10.8 3.21632e-05
10.9 2.91026e-05
11 2.63333e-05
11.1 2.38274e-05
11.2 2.156e-05
11.3 1.95084e-05
11.4 1.76519e-05
11.5 1.59722e-05
11.6 1.44523e-05
11.7 1.3077e-05
11.8 1.18325e-05
11.9 1.07065e-05
12 9.6877e-06
12.1 8.76581e-06
12.2 7.93164e-06
12.3 7.17685e-06
12.4 6.49389e-06
12.5 5.87592e-06
12.6 5.31676e-06
12.7 4.8108e-06
12.8 4.353e-06
12.9 3.93876e-06
13 3.56394e-06
13.1 3.22479e-06
13.2 2.91791e-06
13.3 2.64023e-06
13.4 2.38898e-06
13.5 2.16164e-06
13.6 1.95594e-06
13.7 1.7698e-06
13.8 1.60139e-06
13.9 1.44899e-06
14 1.3111e-06
14.1 1.18634e-06
14.2 1.07344e-06
14.3 9.7129e-07
14.4 8.7886e-07
14.5 7.95225e-07
14.6 7.1955e-07
14.7 6.51076e-07
14.8 5.89118e-07
14.9 5.33056e-07
15 4.82329e-07
15.1 4.36429e-07
15.2 3.94897e-07
15.3 3.57318e-07
15.4 3.23315e-07
15.5 2.92547e-07
15.6 2.64708e-07
15.7 2.39517e-07
15.8 2.16724e-07
15.9 1.961e-07
16 1.77439e-07
