0 0.3
0.001 0.195429
0.003 -0.00820226
0.005 -0.20465
0.007 -0.394108
0.009 -0.576765
0.011 -0.752803
0.013 -0.922402
0.015 -1.08574
0.017 -1.24298
0.019 -1.3943
0.021 -1.53985
0.023 -1.67979
0.025 -1.81429
0.027 -1.94348
0.029 -2.06752
0.031 -2.18655
0.033 -2.30071
0.035 -2.41013
0.037 -2.51496
0.039 -2.61531
0.041 -2.71131
0.043 -2.8031
0.045 -2.89078
0.047 -2.97448
0.049 -3.05431
0.051 -3.13038
0.053 -3.2028
0.055 -3.27167
0.057 -3.33711
0.059 -3.3992
0.061 -3.45805
0.063 -3.51376
0.065 -3.56641
0.067 -3.6161
0.069 -3.66292
0.071 -3.70695
0.073 -3.74827
0.075 -3.78698
0.077 -3.82314
0.079 -3.85684
0.081 -3.88816
0.083 -3.91715
0.085 -3.94391
0.087 -3.9685
0.089 -3.99098
0.091 -4.01142
0.093 -4.0299
0.095 -4.04646
0.097 -4.06118
0.099 -4.07411
0.101 -4.08531
0.103 -4.09484
0.105 -4.10275
0.107 -4.1091
0.109 -4.11394
0.111 -4.11732
0.113 -4.11928
0.115 -4.11989
0.117 -4.11919
0.119 -4.11721
0.121 -4.11401
0.123 -4.10963
0.125 -4.10411
0.127 -4.0975
0.129 -4.08983
0.131 -4.08114
0.133 -4.07147
0.135 -4.06085
0.137 -4.04933
0.139 -4.03694
0.141 -4.0237
0.143 -4.00966
0.145 -3.99485
0.147 -3.97929
0.149 -3.96302
0.151 -3.94607
0.153 -3.92847
0.155 -3.91023
0.157 -3.8914
0.159 -3.872
0.161 -3.85204
0.163 -3.83156
0.165 -3.81059
0.167 -3.78914
0.169 -3.76723
0.171 -3.7449
0.173 -3.72215
0.175 -3.69902
0.177 -3.67552
0.179 -3.65167
0.181 -3.62749
0.183 -3.60299
0.185 -3.57821
0.187 -3.55315
0.189 -3.52783
0.191 -3.50226
0.193 -3.47647
0.195 -3.45047
0.197 -3.42427
0.199 -3.39789
0.201 -3.37134
0.203 -3.34463
0.205 -3.31779
0.207 -3.29081
0.209 -3.26372
0.211 -3.23652
0.213 -3.20923
0.215 -3.18186
0.217 -3.15441
0.219 -3.12691
0.221 -3.09935
0.223 -3.07175
0.225 -3.04412
0.227 -3.01647
0.229 -2.98881
0.231 -2.96114
0.233 -2.93347
0.235 -2.90581
0.237 -2.87817
0.239 -2.85056
0.241 -2.82298
0.243 -2.79544
0.245 -2.76795
0.247 -2.74051
0.249 -2.71313
0.251 -2.68582
0.253 -2.65857
0.257 -2.60432
0.261 -2.55041
0.265 -2.49689
0.269 -2.44378
0.273 -2.39113
0.277 -2.33896
0.281 -2.2873
0.285 -2.23617
0.289 -2.18559
0.293 -2.13559
0.297 -2.08619
0.301 -2.03739
0.305 -1.98922
0.309 -1.94169
0.313 -1.8948
0.317 -1.84858
0.321 -1.80302
0.325 -1.75814
0.329 -1.71393
0.333 -1.67041
0.337 -1.62758
0.341 -1.58544
0.345 -1.54399
0.349 -1.50324
0.353 -1.46318
0.357 -1.42381
0.361 -1.38513
0.365 -1.34715
0.369 -1.30984
0.373 -1.27323
0.377 -1.23729
0.381 -1.20202
0.385 -1.16742
0.389 -1.13349
0.393 -1.10022
0.397 -1.0676
0.401 -1.03562
0.405 -1.00429
0.409 -0.973589
0.413 -0.943513
0.417 -0.914056
0.421 -0.88521
0.425 -0.856967
0.429 -0.82932
0.433 -0.80226
0.437 -0.77578
0.441 -0.749871
0.445 -0.724525
0.449 -0.699733
0.453 -0.675488
0.457 -0.65178
0.461 -0.628602
0.465 -0.605945
0.469 -0.5838
0.473 -0.56216
0.477 -0.541014
0.481 -0.520356
0.485 -0.500177
0.489 -0.480467
0.493 -0.46122
0.501 -0.424078
0.509 -0.388685
0.517 -0.354976
0.525 -0.322888
0.533 -0.29236
0.541 -0.263329
0.549 -0.235737
0.557 -0.209527
0.565 -0.184641
0.573 -0.161027
0.581 -0.138629
0.589 -0.117398
0.597 -0.0972832
0.605 -0.078237
0.613 -0.060213
0.621 -0.0431664
0.629 -0.0270539
0.637 -0.011834
0.645 0.0025334
0.653 0.0160869
0.661 0.0288636
0.669 0.040899
0.677 0.0522276
0.685 0.0628821
0.693 0.0728941
0.701 0.0822938
0.709 0.0911102
0.717 0.0993712
0.725 0.107103
0.733 0.114332
0.741 0.121082
0.749 0.127376
0.757 0.133238
0.765 0.138687
0.773 0.143744
0.781 0.14843
0.789 0.152762
0.797 0.156759
0.805 0.160437
0.813 0.163813
0.821 0.166902
0.829 0.169719
0.837 0.172278
0.845 0.174593
0.853 0.176675
0.861 0.178538
0.869 0.180194
0.877 0.181652
0.885 0.182924
0.893 0.184021
0.901 0.18495
0.909 0.185722
0.917 0.186346
0.925 0.186829
0.933 0.187179
0.941 0.187404
0.949 0.187512
0.957 0.187508
0.965 0.187399
0.973 0.187192
0.981 0.186893
0.989 0.186506
0.997 0.186037
1.005 0.185491
1.013 0.184873
1.021 0.184187
1.029 0.183439
1.037 0.182631
1.045 0.181767
1.053 0.180852
1.061 0.179889
1.069 0.178881
1.077 0.177831
1.085 0.176742
1.093 0.175618
1.101 0.17446
1.109 0.173271
1.117 0.172055
1.125 0.170812
1.141 0.168258
1.157 0.165624
1.173 0.162925
1.189 0.160174
1.205 0.157383
1.221 0.154561
1.237 0.151718
1.253 0.148862
1.269 0.146001
1.285 0.14314
1.301 0.140286
1.317 0.137444
1.333 0.134617
1.349 0.131811
1.365 0.129028
1.381 0.126272
1.397 0.123544
1.413 0.120848
1.429 0.118186
1.445 0.115558
1.461 0.112967
1.477 0.110413
1.493 0.107897
1.509 0.105421
1.525 0.102985
1.541 0.100589
1.557 0.0982334
1.573 0.095919
1.589 0.0936456
1.605 0.0914133
1.621 0.089222
1.637 0.0870715
1.653 0.0849616
1.669 0.0828922
1.685 0.0808629
1.717 0.076923
1.749 0.0731389
1.781 0.0695069
1.813 0.0660229
1.845 0.0626828
1.877 0.0594822
1.909 0.0564166
1.941 0.0534814
1.973 0.0506722
2.005 0.0479845
2.037 0.0454139
2.069 0.0429559
2.101 0.0406064
2.133 0.0383613
2.165 0.0362164
2.197 0.0341678
2.229 0.0322117
2.261 0.0303445
2.293 0.0285626
2.325 0.0268625
2.357 0.0252409
2.389 0.0236945
2.421 0.0222204
2.453 0.0208155
2.485 0.0194769
2.517 0.0182018
2.549 0.0169877
2.581 0.015832
2.613 0.0147321
2.645 0.0136858
2.677 0.0126907
2.709 0.0117448
2.741 0.0108457
2.773 0.00999169
2.805 0.00918065
2.837 0.00841078
2.869 0.00768028
2.901 0.00698745
2.933 0.00633063
2.965 0.00570824
2.997 0.00511878
3.029 0.00456078
3.061 0.00403284
3.093 0.00353363
3.125 0.00306186
3.157 0.00261631
3.189 0.00219577
3.221 0.00179913
3.253 0.0014253
3.285 0.00107322
3.317 0.000741909
3.349 0.0004304
3.381 0.000137775
3.413 -0.000136845
3.445 -0.000394305
3.477 -0.000635413
3.509 -0.000860943
3.541 -0.00107164
3.573 -0.00126821
3.605 -0.00145133
3.637 -0.00162167
3.669 -0.00177983
3.733 -0.00206202
3.797 -0.00230238
3.861 -0.00250502
3.925 -0.00267368
3.989 -0.0028118
4.053 -0.00292252
4.117 -0.0030087
4.181 -0.00307297
4.245 -0.0031177
4.309 -0.00314508
4.373 -0.00315708
4.437 -0.0031555
4.501 -0.00314199
4.565 -0.00311802
4.629 -0.00308495
4.693 -0.00304399
4.757 -0.00299626
4.821 -0.00294275
4.885 -0.00288435
4.949 -0.00282189
5.013 -0.00275609
5.077 -0.00268759
5.141 -0.002617
5.205 -0.00254483
5.269 -0.00247156
5.333 -0.00239758
5.397 -0.00232328
5.461 -0.00224898
5.525 -0.00217496
5.589 -0.00210147
5.653 -0.00202874
5.717 -0.00195695
5.781 -0.00188626
5.909 -0.00174873
6.037 -0.00161702
6.165 -0.00149172
6.293 -0.00137318
6.421 -0.0012616
6.549 -0.001157
6.677 -0.00105933
6.805 -0.000968426
6.933 -0.000884074
7.061 -0.000806011
7.189 -0.000733945
7.317 -0.000667561
7.445 -0.000606534
7.573 -0.000550535
7.701 -0.000499236
7.829 -0.000452318
7.957 -0.000409466
8.085 -0.000370383
8.213 -0.00033478
8.341 -0.000302386
8.469 -0.000272943
8.597 -0.00024621
8.725 -0.000221961
8.853 -0.000199985
8.981 -0.000180085
9.109 -0.000162081
9.237 -0.000145803
9.365 -0.000131097
9.493 -0.00011782
9.621 -0.000105841
9.749 -9.50395e-05
9.877 -8.53058e-05
10.005 -7.65392e-05
10.133 -6.86477e-05
10.261 -6.15476e-05
10.389 -5.51627e-05
10.517 -4.94236e-05
10.645 -4.42673e-05
10.773 -3.96365e-05
10.901 -3.54795e-05
11.029 -3.17493e-05
11.157 -2.84032e-05
11.285 -2.54029e-05
11.413 -2.27135e-05
11.541 -2.03036e-05
11.797 -1.6212e-05
12.053 -1.2933e-05
12.309 -1.03081e-05
12.565 -8.20921e-06
12.821 -6.53258e-06
13.077 -5.19455e-06
13.333 -4.12769e-06
13.589 -3.27777e-06
13.845 -2.60121e-06
14.101 -2.06306e-06
14.357 -1.63531e-06
14.613 -1.29554e-06
14.869 -1.02583e-06
15.125 -8.11867e-07
15.381 -6.42225e-07
15.637 -5.07798e-07
