0 0.5
0.001 0.466065
0.003 0.39943
0.005 0.334412
0.007 0.270975
0.009 0.209085
0.011 0.148708
0.013 0.0898106
0.015 0.0323605
0.017 -0.0236739
0.019 -0.0783236
0.021 -0.131619
0.023 -0.18359
0.025 -0.234265
0.027 -0.283672
0.029 -0.33184
0.031 -0.378796
0.033 -0.424566
0.035 -0.469176
0.037 -0.512651
0.039 -0.555017
0.041 -0.596298
0.043 -0.636517
0.045 -0.675698
0.047 -0.713864
0.049 -0.751036
0.051 -0.787238
0.053 -0.822489
0.055 -0.856811
0.057 -0.890225
0.059 -0.922749
0.061 -0.954405
0.063 -0.98521
0.065 -1.01518
0.067 -1.04434
0.069 -1.07271
0.071 -1.1003
0.073 -1.12712
0.075 -1.15321
0.077 -1.17856
0.079 -1.20321
0.081 -1.22715
0.083 -1.25042
0.085 -1.27302
0.087 -1.29498
0.089 -1.31629
0.091 -1.33698
0.093 -1.35707
0.095 -1.37656
0.097 -1.39546
0.099 -1.4138
0.101 -1.43158
0.103 -1.44882
0.105 -1.46552
0.107 -1.4817
0.109 -1.49738
0.111 -1.51256
0.113 -1.52725
0.115 -1.54146
0.117 -1.55521
0.119 -1.56851
0.121 -1.58136
0.123 -1.59377
0.125 -1.60576
0.127 -1.61734
0.129 -1.6285
0.131 -1.63927
0.133 -1.64966
0.135 -1.65966
0.137 -1.66929
0.139 -1.67856
0.141 -1.68747
0.143 -1.69604
0.145 -1.70426
0.147 -1.71216
0.149 -1.71973
0.151 -1.72698
0.153 -1.73393
0.155 -1.74057
0.157 -1.74692
0.159 -1.75297
0.161 -1.75875
0.163 -1.76425
0.165 -1.76948
0.167 -1.77444
0.169 -1.77915
0.171 -1.7836
0.173 -1.78781
0.175 -1.79178
0.177 -1.79551
0.179 -1.79901
0.181 -1.80229
0.183 -1.80535
0.185 -1.80819
0.187 -1.81083
0.189 -1.81326
0.191 -1.81549
0.193 -1.81752
0.195 -1.81936
0.197 -1.82102
0.199 -1.8225
0.201 -1.82379
0.203 -1.82492
0.205 -1.82587
0.207 -1.82666
0.209 -1.82729
0.211 -1.82776
0.213 -1.82807
0.215 -1.82823
0.217 -1.82825
0.219 -1.82812
0.221 -1.82785
0.223 -1.82745
0.225 -1.82691
0.227 -1.82624
0.229 -1.82545
0.231 -1.82452
0.233 -1.82348
0.235 -1.82232
0.237 -1.82105
0.239 -1.81966
0.241 -1.81816
0.243 -1.81655
0.245 -1.81484
0.247 -1.81303
0.249 -1.81111
0.251 -1.8091
0.253 -1.807
0.257 -1.80251
0.261 -1.79767
0.265 -1.7925
0.269 -1.78701
0.273 -1.78122
0.277 -1.77514
0.281 -1.76879
0.285 -1.76219
0.289 -1.75533
0.293 -1.74825
0.297 -1.74095
0.301 -1.73344
0.305 -1.72573
0.309 -1.71784
0.313 -1.70977
0.317 -1.70154
0.321 -1.69316
0.325 -1.68462
0.329 -1.67595
0.333 -1.66715
0.337 -1.65823
0.341 -1.64919
0.345 -1.64005
0.349 -1.6308
0.353 -1.62147
0.357 -1.61204
0.361 -1.60254
0.365 -1.59296
0.369 -1.58332
0.373 -1.57361
0.377 -1.56384
0.381 -1.55402
0.385 -1.54414
0.389 -1.53423
0.393 -1.52427
0.397 -1.51428
0.401 -1.50426
0.405 -1.49421
0.409 -1.48413
0.413 -1.47403
0.417 -1.46392
0.421 -1.45378
0.425 -1.44364
0.429 -1.43349
0.433 -1.42333
0.437 -1.41317
0.441 -1.40301
0.445 -1.39285
0.449 -1.38269
0.453 -1.37254
0.457 -1.3624
0.461 -1.35227
0.465 -1.34215
0.469 -1.33204
0.473 -1.32195
0.477 -1.31187
0.481 -1.30182
0.485 -1.29178
0.489 -1.28177
0.493 -1.27177
0.501 -1.25187
0.509 -1.23206
0.517 -1.21238
0.525 -1.19281
0.533 -1.17338
0.541 -1.15409
0.549 -1.13493
0.557 -1.11593
0.565 -1.09708
0.573 -1.07838
0.581 -1.05985
0.589 -1.04148
0.597 -1.02327
0.605 -1.00524
0.613 -0.987375
0.621 -0.969684
0.629 -0.952167
0.637 -0.934826
0.645 -0.917662
0.653 -0.900676
0.661 -0.883868
0.669 -0.867238
0.677 -0.850788
0.685 -0.834516
0.693 -0.818424
0.701 -0.80251
0.709 -0.786775
0.717 -0.771219
0.725 -0.75584
0.733 -0.740638
0.741 -0.725612
0.749 -0.710763
0.757 -0.696088
0.765 -0.681587
0.773 -0.667259
0.781 -0.653103
0.789 -0.639118
0.797 -0.625302
0.805 -0.611656
0.813 -0.598177
0.821 -0.584864
0.829 -0.571717
0.837 -0.558733
0.845 -0.545912
0.853 -0.533252
0.861 -0.520752
0.869 -0.508411
0.877 -0.496226
0.885 -0.484198
0.893 -0.472324
0.901 -0.460604
0.909 -0.449035
0.917 -0.437616
0.925 -0.426347
0.933 -0.415225
0.941 -0.404249
0.949 -0.393418
0.957 -0.38273
0.965 -0.372184
0.973 -0.361779
0.981 -0.351513
0.989 -0.341385
0.997 -0.331393
1.005 -0.321536
1.013 -0.311812
1.021 -0.302221
1.029 -0.292761
1.037 -0.28343
1.045 -0.274228
1.053 -0.265152
1.061 -0.256202
1.069 -0.247376
1.077 -0.238672
1.085 -0.23009
1.093 -0.221629
1.101 -0.213286
1.109 -0.205061
1.117 -0.196952
1.125 -0.188958
1.141 -0.173311
1.157 -0.158109
1.173 -0.143342
1.189 -0.129001
1.205 -0.115077
1.221 -0.101559
1.237 -0.0884398
1.253 -0.075709
1.269 -0.0633582
1.285 -0.0513788
1.301 -0.0397622
1.317 -0.0285001
1.333 -0.0175842
1.349 -0.00700666
1.365 0.00324057
1.381 0.0131652
1.397 0.0227747
1.413 0.0320765
1.429 0.041078
1.445 0.0497863
1.461 0.0582083
1.477 0.0663509
1.493 0.0742207
1.509 0.0818244
1.525 0.0891684
1.541 0.096259
1.557 0.103102
1.573 0.109704
1.589 0.116071
1.605 0.122208
1.621 0.128122
1.637 0.133817
1.653 0.139299
1.669 0.144573
1.685 0.149645
1.717 0.159202
1.749 0.168009
1.781 0.176104
1.813 0.183523
1.845 0.190299
1.877 0.196467
1.909 0.202058
1.941 0.207102
1.973 0.211628
2.005 0.215664
2.037 0.219236
2.069 0.222368
2.101 0.225086
2.133 0.227413
2.165 0.229369
2.197 0.230977
2.229 0.232256
2.261 0.233226
2.293 0.233904
2.325 0.234307
2.357 0.234454
2.389 0.234359
2.421 0.234037
2.453 0.233504
2.485 0.232771
2.517 0.231853
2.549 0.230763
2.581 0.229511
2.613 0.228108
2.645 0.226567
2.677 0.224896
2.709 0.223106
2.741 0.221206
2.773 0.219204
2.805 0.217109
2.837 0.214928
2.869 0.212669
2.901 0.21034
2.933 0.207946
2.965 0.205494
2.997 0.202991
3.029 0.200441
3.061 0.197851
3.093 0.195225
3.125 0.192568
3.157 0.189885
3.189 0.18718
3.221 0.184457
3.253 0.18172
3.285 0.178972
3.317 0.176217
3.349 0.173458
3.381 0.170698
3.413 0.16794
3.445 0.165187
3.477 0.16244
3.509 0.159702
3.541 0.156976
3.573 0.154263
3.605 0.151565
3.637 0.148884
3.669 0.146222
3.733 0.140959
3.797 0.135786
3.861 0.130713
3.925 0.125747
3.989 0.120895
4.053 0.11616
4.117 0.111549
4.181 0.107062
4.245 0.102703
4.309 0.0984733
4.373 0.0943731
4.437 0.0904028
4.501 0.0865621
4.565 0.0828501
4.629 0.0792657
4.693 0.0758073
4.757 0.0724731
4.821 0.0692609
4.885 0.0661685
4.949 0.0631933
5.013 0.0603326
5.077 0.0575838
5.141 0.054944
5.205 0.0524101
5.269 0.0499792
5.333 0.0476483
5.397 0.0454144
5.461 0.0432742
5.525 0.0412249
5.589 0.0392634
5.653 0.0373866
5.717 0.0355917
5.781 0.0338756
5.909 0.0306685
6.037 0.0277431
6.165 0.0250779
6.293 0.0226527
6.421 0.0204482
6.549 0.0184465
6.677 0.0166305
6.805 0.0149847
6.933 0.0134943
7.061 0.0121457
7.189 0.0109264
7.317 0.00982471
7.445 0.00883005
7.573 0.00793258
7.701 0.0071233
7.829 0.00639398
7.957 0.00573708
8.085 0.00514574
8.213 0.00461367
8.341 0.00413517
8.469 0.00370506
8.597 0.00331861
8.725 0.00297153
8.853 0.00265995
8.981 0.00238035
9.109 0.00212953
9.237 0.00190463
9.365 0.00170303
9.493 0.00152237
9.621 0.00136055
9.749 0.00121563
9.877 0.0010859
10.005 0.000969789
10.133 0.000865906
10.261 0.000772987
10.389 0.000689896
10.517 0.000615612
10.645 0.00054922
10.773 0.000489895
10.901 0.000436897
11.029 0.000389563
11.157 0.000347296
11.285 0.000309562
11.413 0.000275882
11.541 0.000245826
11.797 0.000195091
12.053 0.000154733
12.309 0.000122654
12.565 9.71725e-05
12.821 7.69445e-05
13.077 6.08969e-05
13.333 4.81732e-05
13.589 3.80906e-05
13.845 3.0105e-05
14.101 2.37836e-05
14.357 1.8782e-05
14.613 1.48264e-05
14.869 1.16996e-05
15.125 9.22884e-06
15.381 7.27737e-06
15.637 5.73663e-06
