0 0.01
0.001 0.00411582
0.003 -0.00737045
0.007 -0.0292481
0.011 -0.0497276
0.015 -0.06888
0.019 -0.0867729
0.023 -0.103471
0.027 -0.119035
0.031 -0.133524
0.035 -0.146994
0.039 -0.159498
0.043 -0.171085
0.047 -0.181806
0.051 -0.191705
0.055 -0.200825
0.059 -0.20921
0.063 -0.216897
0.067 -0.223925
0.071 -0.23033
0.075 -0.236146
0.079 -0.241405
0.083 -0.246138
0.087 -0.250375
0.091 -0.254143
0.095 -0.257469
0.099 -0.260378
0.103 -0.262895
0.107 -0.265042
0.111 -0.266841
0.115 -0.268312
0.119 -0.269475
0.123 -0.270349
0.127 -0.270952
0.131 -0.271299
0.135 -0.271408
0.139 -0.271293
0.143 -0.270969
0.147 -0.270449
0.151 -0.269746
0.155 -0.268872
0.159 -0.26784
0.163 -0.266659
0.167 -0.265341
0.171 -0.263896
0.175 -0.262332
0.179 -0.26066
0.183 -0.258886
0.187 -0.257019
0.191 -0.255067
0.195 -0.253036
0.199 -0.250934
0.203 -0.248766
0.207 -0.24654
0.211 -0.24426
0.215 -0.241931
0.219 -0.23956
0.223 -0.23715
0.227 -0.234706
0.231 -0.232232
0.235 -0.229733
0.239 -0.227212
0.243 -0.224672
0.247 -0.222117
0.251 -0.219551
0.255 -0.216975
0.259 -0.214393
0.263 -0.211807
0.267 -0.20922
0.271 -0.206634
0.275 -0.20405
0.279 -0.201472
0.283 -0.1989
0.287 -0.196337
0.291 -0.193785
0.295 -0.191243
0.303 -0.1862
0.311 -0.181219
0.319 -0.176308
0.327 -0.171473
0.335 -0.166721
0.343 -0.162056
0.351 -0.157483
0.359 -0.153004
0.367 -0.148622
0.375 -0.144339
0.383 -0.140155
0.391 -0.136072
0.399 -0.13209
0.407 -0.128208
0.415 -0.124426
0.423 -0.120744
0.431 -0.11716
0.439 -0.113672
0.447 -0.110281
0.455 -0.106984
0.463 -0.103779
0.471 -0.100664
0.479 -0.0976386
0.487 -0.0946997
0.495 -0.0918455
0.503 -0.0890741
0.511 -0.0863833
0.519 -0.0837712
0.527 -0.0812355
0.535 -0.0787743
0.543 -0.0763855
0.559 -0.0718169
0.575 -0.0675136
0.591 -0.0634601
0.607 -0.0596415
0.623 -0.0560434
0.639 -0.0526522
0.655 -0.0494552
0.671 -0.0464401
0.687 -0.0435956
0.703 -0.0409108
0.719 -0.0383758
0.735 -0.0359811
0.751 -0.0337181
0.767 -0.0315783
0.783 -0.0295543
0.799 -0.027639
0.815 -0.0258256
0.831 -0.024108
0.847 -0.0224806
0.863 -0.0209378
0.879 -0.0194748
0.895 -0.018087
0.911 -0.01677
0.927 -0.0155198
0.943 -0.0143326
0.959 -0.013205
0.975 -0.0121337
0.991 -0.0111158
1.007 -0.0101482
1.023 -0.00922846
1.039 -0.008354
1.055 -0.00752252
1.071 -0.00673185
1.087 -0.00597993
1.103 -0.00526484
1.119 -0.00458479
1.135 -0.00393809
1.151 -0.00332312
1.167 -0.0027384
1.183 -0.0021825
1.215 -0.00115189
1.247 -0.000221452
1.279 0.000617644
1.311 0.00137332
1.343 0.00205272
1.375 0.00266231
1.407 0.00320795
1.439 0.00369496
1.471 0.0041282
1.503 0.00451212
1.535 0.00485076
1.567 0.00514786
1.599 0.00540684
1.631 0.00563083
1.663 0.00582274
1.695 0.00598523
1.727 0.00612078
1.759 0.00623164
1.791 0.00631993
1.823 0.00638759
1.855 0.00643641
1.887 0.00646805
1.919 0.00648404
1.951 0.00648582
1.983 0.0064747
2.015 0.00645189
2.047 0.00641852
2.079 0.00637563
2.111 0.00632418
2.143 0.00626507
2.175 0.00619911
2.207 0.00612707
2.239 0.00604965
2.303 0.00588118
2.367 0.00569831
2.431 0.00550492
2.495 0.00530429
2.559 0.0050992
2.623 0.00489194
2.687 0.00468445
2.751 0.00447831
2.815 0.00427483
2.879 0.00407505
2.943 0.00387981
3.007 0.00368979
3.071 0.00350547
3.135 0.00332724
3.199 0.00315537
3.263 0.00299002
3.327 0.00283128
3.391 0.00267918
3.455 0.0025337
3.519 0.00239476
3.583 0.00226226
3.647 0.00213605
3.711 0.00201598
3.775 0.00190187
3.839 0.00179353
3.903 0.00169075
3.967 0.00159334
4.031 0.00150107
4.095 0.00141374
4.159 0.00133114
4.223 0.00125306
4.287 0.00117928
4.351 0.0011096
4.415 0.00104383
4.479 0.000981781
4.543 0.000923255
4.607 0.000868076
4.671 0.000816071
4.735 0.000767072
4.799 0.00072092
4.863 0.00067746
4.927 0.000636546
4.991 0.000598039
5.055 0.000561804
5.183 0.000495649
5.311 0.000437139
5.439 0.000385424
5.567 0.00033974
5.695 0.000299404
5.823 0.000263805
5.951 0.000232399
6.079 0.000204701
6.207 0.000180281
6.335 0.000158755
6.463 0.000139785
6.591 0.000123071
6.719 0.000108346
6.847 9.53772e-05
6.975 8.39553e-05
7.103 7.38973e-05
7.231 6.50412e-05
7.359 5.7244e-05
7.487 5.03798e-05
7.615 4.43372e-05
7.743 3.90183e-05
7.871 3.43366e-05
7.999 3.0216e-05
8.127 2.65894e-05
8.255 2.33977e-05
8.383 2.05887e-05
8.511 1.81168e-05
8.639 1.59415e-05
8.895 1.23428e-05
9.151 9.55623e-06
9.407 7.39858e-06
9.663 5.72798e-06
9.919 4.43454e-06
10.175 3.43314e-06
