0 0.01
0.001 0.0076608
0.003 0.00304563
0.007 -0.00593768
0.011 -0.0146025
0.015 -0.0229615
0.019 -0.0310267
0.023 -0.0388097
0.027 -0.0463215
0.031 -0.0535727
0.035 -0.0605735
0.039 -0.0673336
0.043 -0.0738624
0.047 -0.0801687
0.051 -0.0862611
0.055 -0.0921478
0.059 -0.0978366
0.063 -0.103335
0.067 -0.10865
0.071 -0.11379
0.075 -0.118759
0.079 -0.123565
0.083 -0.128214
0.087 -0.132712
0.091 -0.137064
0.095 -0.141275
0.099 -0.145351
0.103 -0.149297
0.107 -0.153117
0.111 -0.156815
0.115 -0.160397
0.119 -0.163867
0.123 -0.167227
0.127 -0.170483
0.131 -0.173638
0.135 -0.176695
0.139 -0.179658
0.143 -0.182529
0.147 -0.185313
0.151 -0.188012
0.155 -0.190629
0.159 -0.193166
0.163 -0.195627
0.167 -0.198014
0.171 -0.200329
0.175 -0.202574
0.179 -0.204753
0.183 -0.206866
0.187 -0.208917
0.191 -0.210907
0.195 -0.212838
0.199 -0.214711
0.203 -0.21653
0.207 -0.218294
0.211 -0.220007
0.215 -0.221669
0.219 -0.223282
0.223 -0.224848
0.227 -0.226368
0.231 -0.227843
0.235 -0.229274
0.239 -0.230664
0.243 -0.232012
0.247 -0.233321
0.251 -0.23459
0.255 -0.235822
0.259 -0.237018
0.263 -0.238178
0.267 -0.239303
0.271 -0.240395
0.275 -0.241453
0.279 -0.24248
0.283 -0.243476
0.287 -0.244441
0.291 -0.245376
0.295 -0.246283
0.303 -0.248013
0.311 -0.249636
0.319 -0.251157
0.327 -0.252581
0.335 -0.253912
0.343 -0.255155
0.351 -0.256313
0.359 -0.257391
0.367 -0.258391
0.375 -0.259316
0.383 -0.260171
0.391 -0.260957
0.399 -0.261678
0.407 -0.262335
0.415 -0.262932
0.423 -0.26347
0.431 -0.263953
0.439 -0.264381
0.447 -0.264757
0.455 -0.265082
0.463 -0.265359
0.471 -0.265589
0.479 -0.265774
0.487 -0.265915
0.495 -0.266014
0.503 -0.266071
0.511 -0.266089
0.519 -0.266069
0.527 -0.266011
0.535 -0.265918
0.543 -0.26579
0.559 -0.265433
0.575 -0.26495
0.591 -0.264348
0.607 -0.263633
0.623 -0.262814
0.639 -0.261896
0.655 -0.260885
0.671 -0.259786
0.687 -0.258605
0.703 -0.257346
0.719 -0.256015
0.735 -0.254616
0.751 -0.253153
0.767 -0.25163
0.783 -0.250051
0.799 -0.248419
0.815 -0.246738
0.831 -0.245012
0.847 -0.243242
0.863 -0.241434
0.879 -0.239588
0.895 -0.237709
0.911 -0.235798
0.927 -0.233858
0.943 -0.231892
0.959 -0.229901
0.975 -0.227889
0.991 -0.225856
1.007 -0.223806
1.023 -0.22174
1.039 -0.219659
1.055 -0.217566
1.071 -0.215462
1.087 -0.213348
1.103 -0.211227
1.119 -0.2091
1.135 -0.206967
1.151 -0.204831
1.167 -0.202693
1.183 -0.200553
1.215 -0.196275
1.247 -0.192004
1.279 -0.18775
1.311 -0.183518
1.343 -0.179315
1.375 -0.175147
1.407 -0.171018
1.439 -0.166933
1.471 -0.162896
1.503 -0.158911
1.535 -0.15498
1.567 -0.151106
1.599 -0.147292
1.631 -0.143539
1.663 -0.13985
1.695 -0.136225
1.727 -0.132666
1.759 -0.129173
1.791 -0.125749
1.823 -0.122392
1.855 -0.119103
1.887 -0.115883
1.919 -0.112732
1.951 -0.109648
1.983 -0.106633
2.015 -0.103686
2.047 -0.100806
2.079 -0.0979931
2.111 -0.0952462
2.143 -0.0925647
2.175 -0.089948
2.207 -0.0873952
2.239 -0.0849054
2.303 -0.0801112
2.367 -0.0755579
2.431 -0.0712372
2.495 -0.0671407
2.559 -0.0632597
2.623 -0.0595855
2.687 -0.0561094
2.751 -0.0528226
2.815 -0.0497165
2.879 -0.0467827
2.943 -0.044013
3.007 -0.0413993
3.071 -0.0389338
3.135 -0.036609
3.199 -0.0344177
3.263 -0.0323528
3.327 -0.0304077
3.391 -0.0285758
3.455 -0.0268512
3.519 -0.0252278
3.583 -0.0237001
3.647 -0.0222627
3.711 -0.0209107
3.775 -0.019639
3.839 -0.0184433
3.903 -0.017319
3.967 -0.0162622
4.031 -0.0152688
4.095 -0.0143353
4.159 -0.013458
4.223 -0.0126338
4.287 -0.0118594
4.351 -0.011132
4.415 -0.0104488
4.479 -0.00980704
4.543 -0.00920437
4.607 -0.00863843
4.671 -0.00810701
4.735 -0.00760804
4.799 -0.00713957
4.863 -0.00669976
4.927 -0.00628688
4.991 -0.00589929
5.055 -0.00553548
5.183 -0.00487347
5.311 -0.0042903
5.439 -0.00377667
5.567 -0.00332434
5.695 -0.00292603
5.823 -0.00257533
5.951 -0.00226657
6.079 -0.00199476
6.207 -0.00175549
6.335 -0.00154488
6.463 -0.0013595
6.591 -0.00119635
6.719 -0.00105275
6.847 -0.000926378
6.975 -0.000815162
7.103 -0.000717289
7.231 -0.00063116
7.359 -0.000555368
7.487 -0.000488673
7.615 -0.000429984
7.743 -0.000378341
7.871 -0.000332899
7.999 -0.000292914
8.127 -0.00025773
8.255 -0.000226771
8.383 -0.00019953
8.511 -0.000175561
8.639 -0.000154471
8.895 -0.000119588
9.151 -9.25815e-05
9.407 -7.16734e-05
9.663 -5.54869e-05
9.919 -4.29557e-05
10.175 -3.32545e-05
