0 0.1
0.001 0.100007
0.003 0.100004
0.007 0.09993
0.011 0.0997716
0.015 0.099534
0.019 0.0992223
0.023 0.0988414
0.027 0.098396
0.031 0.0978905
0.035 0.0973292
0.039 0.0967159
0.043 0.0960544
0.047 0.0953483
0.051 0.094601
0.055 0.0938157
0.059 0.0929954
0.063 0.092143
0.067 0.0912611
0.071 0.0903524
0.075 0.0894193
0.079 0.088464
0.083 0.0874887
0.087 0.0864956
0.091 0.0854864
0.095 0.084463
0.099 0.0834272
0.103 0.0823805
0.107 0.0813245
0.111 0.0802606
0.115 0.0791902
0.119 0.0781145
0.123 0.0770348
0.127 0.0759521
0.131 0.0748675
0.135 0.073782
0.139 0.0726966
0.143 0.071612
0.147 0.0705291
0.151 0.0694486
0.155 0.0683713
0.159 0.0672979
0.163 0.0662288
0.167 0.0651648
0.171 0.0641063
0.175 0.0630538
0.179 0.0620077
0.183 0.0609686
0.187 0.0599368
0.191 0.0589126
0.195 0.0578963
0.199 0.0568884
0.203 0.055889
0.207 0.0548983
0.211 0.0539167
0.215 0.0529443
0.219 0.0519813
0.223 0.0510279
0.227 0.0500842
0.231 0.0491503
0.235 0.0482264
0.239 0.0473125
0.243 0.0464087
0.247 0.0455151
0.251 0.0446318
0.255 0.0437587
0.259 0.042896
0.263 0.0420436
0.267 0.0412015
0.271 0.0403698
0.275 0.0395484
0.279 0.0387374
0.283 0.0379367
0.287 0.0371462
0.291 0.0363659
0.295 0.0355959
0.303 0.0340862
0.311 0.0326165
0.319 0.0311865
0.327 0.0297954
0.335 0.0284427
0.343 0.0271276
0.351 0.0258495
0.359 0.0246076
0.367 0.0234012
0.375 0.0222294
0.383 0.0210915
0.391 0.0199867
0.399 0.0189141
0.407 0.017873
0.415 0.0168625
0.423 0.0158819
0.431 0.0149303
0.439 0.0140071
0.447 0.0131113
0.455 0.0122423
0.463 0.0113993
0.471 0.0105816
0.479 0.00978848
0.487 0.00901919
0.495 0.00827306
0.503 0.00754944
0.511 0.00684766
0.519 0.0061671
0.527 0.00550712
0.535 0.00486713
0.543 0.00424654
0.559 0.00306128
0.575 0.00194698
0.591 0.000899514
0.607 -8.4995e-05
0.623 -0.00101019
0.639 -0.00187949
0.655 -0.00269609
0.671 -0.00346302
0.687 -0.00418309
0.703 -0.00485893
0.719 -0.00549303
0.735 -0.00608771
0.751 -0.00664513
0.767 -0.00716734
0.783 -0.00765625
0.799 -0.00811366
0.815 -0.00854124
0.831 -0.00894059
0.847 -0.00931318
0.863 -0.00966042
0.879 -0.00998362
0.895 -0.010284
0.911 -0.0105628
0.927 -0.010821
0.943 -0.0110597
0.959 -0.01128
0.975 -0.0114826
0.991 -0.0116685
1.007 -0.0118386
1.023 -0.0119935
1.039 -0.0121341
1.055 -0.0122611
1.071 -0.0123751
1.087 -0.0124767
1.103 -0.0125666
1.119 -0.0126454
1.135 -0.0127135
1.151 -0.0127716
1.167 -0.01282
1.183 -0.0128593
1.215 -0.0129124
1.247 -0.0129341
1.279 -0.0129276
1.311 -0.0128955
1.343 -0.0128405
1.375 -0.0127649
1.407 -0.0126708
1.439 -0.0125602
1.471 -0.0124349
1.503 -0.0122965
1.535 -0.0121466
1.567 -0.0119865
1.599 -0.0118175
1.631 -0.0116408
1.663 -0.0114575
1.695 -0.0112685
1.727 -0.0110747
1.759 -0.010877
1.791 -0.0106761
1.823 -0.0104728
1.855 -0.0102675
1.887 -0.010061
1.919 -0.00985375
1.951 -0.00964619
1.983 -0.00943879
2.015 -0.00923194
2.047 -0.00902598
2.079 -0.00882125
2.111 -0.00861804
2.143 -0.00841659
2.175 -0.00821714
2.207 -0.00801991
2.239 -0.00782507
2.303 -0.00744319
2.367 -0.00707258
2.431 -0.00671403
2.495 -0.00636811
2.559 -0.00603518
2.623 -0.00571546
2.687 -0.00540901
2.751 -0.00511582
2.815 -0.00483573
2.879 -0.00456856
2.943 -0.00431403
3.007 -0.00407183
3.071 -0.00384162
3.135 -0.003623
3.199 -0.00341559
3.263 -0.00321898
3.327 -0.00303273
3.391 -0.00285643
3.455 -0.00268965
3.519 -0.00253198
3.583 -0.00238299
3.647 -0.00224227
3.711 -0.00210944
3.775 -0.0019841
3.839 -0.00186588
3.903 -0.00175441
3.967 -0.00164935
4.031 -0.00155035
4.095 -0.0014571
4.159 -0.00136929
4.223 -0.00128662
4.287 -0.00120881
4.351 -0.00113559
4.415 -0.0010667
4.479 -0.0010019
4.543 -0.000940954
4.607 -0.000883649
4.671 -0.000829773
4.735 -0.000779128
4.799 -0.000731527
4.863 -0.000686793
4.927 -0.000644758
4.991 -0.000605264
5.055 -0.00056816
5.183 -0.00050057
5.311 -0.000440949
5.439 -0.000388373
5.567 -0.000342023
5.695 -0.000301172
5.823 -0.000265174
5.951 -0.000233459
6.079 -0.000205522
6.207 -0.000180916
6.335 -0.000159246
6.463 -0.000140165
6.591 -0.000123365
6.719 -0.000108574
6.847 -9.55538e-05
6.975 -8.4092e-05
7.103 -7.40031e-05
7.231 -6.51231e-05
7.359 -5.73074e-05
7.487 -5.04289e-05
7.615 -4.43752e-05
7.743 -3.90477e-05
7.871 -3.43594e-05
7.999 -3.02336e-05
8.127 -2.6603e-05
8.255 -2.34082e-05
8.383 -2.05969e-05
8.511 -1.81231e-05
8.639 -1.59464e-05
8.895 -1.23458e-05
9.151 -9.55799e-06
9.407 -7.39963e-06
9.663 -5.72862e-06
9.919 -4.43492e-06
10.175 -3.43337e-06
