0 1
0.001 1.00005
0.002 1.00002
0.003 0.999896
0.004 0.999685
0.005 0.99939
0.006 0.999012
0.007 0.998552
0.008 0.998012
0.009 0.997394
0.01 0.996698
0.011 0.995928
0.012 0.995083
0.013 0.994166
0.014 0.993178
0.015 0.992121
0.016 0.990996
0.017 0.989805
0.018 0.988548
0.019 0.987228
0.02 0.985845
0.021 0.984401
0.022 0.982898
0.023 0.981337
0.024 0.979718
0.025 0.978044
0.026 0.976315
0.027 0.974534
0.028 0.9727
0.029 0.970816
0.03 0.968882
0.031 0.9669
0.032 0.96487
0.033 0.962795
0.034 0.960675
0.036 0.956304
0.038 0.951767
0.04 0.947072
0.042 0.942227
0.044 0.93724
0.046 0.932119
0.048 0.926871
0.05 0.921503
0.052 0.916022
0.054 0.910435
0.056 0.904748
0.058 0.898967
0.06 0.893099
0.062 0.887148
0.064 0.881121
0.066 0.875022
0.068 0.868857
0.07 0.862631
0.072 0.856348
0.074 0.850012
0.076 0.843629
0.078 0.837202
0.08 0.830735
0.082 0.824232
0.084 0.817696
0.086 0.811131
0.088 0.804539
0.09 0.797925
0.092 0.791291
0.094 0.78464
0.096 0.777975
0.098 0.771297
0.1 0.764611
0.102 0.757916
0.104 0.751217
0.106 0.744515
0.108 0.737811
0.11 0.731109
0.112 0.724408
0.114 0.717712
0.116 0.711021
0.118 0.704337
0.12 0.697661
0.122 0.690995
0.124 0.684339
0.126 0.677695
0.128 0.671064
0.13 0.664446
0.132 0.657842
0.134 0.651254
0.136 0.644682
0.138 0.638127
0.14 0.631589
0.142 0.625068
0.144 0.618566
0.146 0.612083
0.148 0.605619
0.15 0.599174
0.152 0.59275
0.154 0.586345
0.156 0.579961
0.158 0.573597
0.16 0.567255
0.162 0.560933
0.164 0.554632
0.166 0.548352
0.168 0.542094
0.17 0.535857
0.172 0.529641
0.174 0.523446
0.176 0.517272
0.178 0.51112
0.18 0.504989
0.182 0.498879
0.184 0.49279
0.186 0.486722
0.188 0.480675
0.19 0.474649
0.192 0.468643
0.194 0.462658
0.196 0.456693
0.198 0.450749
0.2 0.444824
0.202 0.43892
0.204 0.433035
0.206 0.42717
0.208 0.421325
0.21 0.415499
0.212 0.409693
0.214 0.403905
0.216 0.398137
0.218 0.392387
0.22 0.386656
0.222 0.380944
0.224 0.37525
0.226 0.369575
0.228 0.363918
0.23 0.358279
0.232 0.352658
0.234 0.347055
0.236 0.34147
0.238 0.335902
0.24 0.330352
0.242 0.32482
0.244 0.319305
0.246 0.313807
0.248 0.308327
0.25 0.302865
0.252 0.297419
0.254 0.291991
0.256 0.28658
0.258 0.281186
0.26 0.275809
0.262 0.27045
0.264 0.265108
0.266 0.259782
0.268 0.254474
0.27 0.249184
0.272 0.24391
0.274 0.238654
0.276 0.233415
0.28 0.222989
0.284 0.212633
0.288 0.202348
0.292 0.192133
0.296 0.181991
0.3 0.171922
0.304 0.161926
0.308 0.152005
0.312 0.142159
0.316 0.132391
0.32 0.122701
0.324 0.113091
0.328 0.103561
0.332 0.0941141
0.336 0.0847507
0.34 0.0754724
0.344 0.0662809
0.348 0.0571775
0.352 0.0481639
0.356 0.0392416
0.36 0.0304121
0.364 0.0216771
0.368 0.0130379
0.372 0.00449631
0.376 -0.0039463
0.38 -0.0122884
0.384 -0.0205285
0.388 -0.0286651
0.392 -0.0366967
0.396 -0.0446221
0.4 -0.0524398
0.404 -0.0601485
0.408 -0.067747
0.412 -0.0752339
0.416 -0.0826082
0.42 -0.0898686
0.424 -0.0970141
0.428 -0.104044
0.432 -0.110956
0.436 -0.117751
0.44 -0.124428
0.444 -0.130985
0.448 -0.137421
0.452 -0.143737
0.456 -0.149931
0.46 -0.156004
0.464 -0.161954
0.468 -0.167781
0.472 -0.173485
0.476 -0.179066
0.48 -0.184523
0.484 -0.189856
0.488 -0.195065
0.492 -0.200151
0.496 -0.205112
0.5 -0.20995
0.504 -0.214664
0.508 -0.219255
0.512 -0.223723
0.516 -0.228069
0.52 -0.232292
0.524 -0.236393
0.528 -0.240373
0.532 -0.244232
0.536 -0.247971
0.54 -0.251591
0.544 -0.255092
0.548 -0.258475
0.552 -0.261741
0.56 -0.267926
0.568 -0.273654
0.576 -0.278932
0.584 -0.283771
0.592 -0.288179
0.6 -0.292165
0.608 -0.295741
0.616 -0.298917
0.624 -0.301703
0.628 -0.302955
0.632 -0.304113
0.636 -0.305179
0.64 -0.306156
0.644 -0.307044
0.648 -0.307845
0.652 -0.30856
0.656 -0.309192
0.66 -0.30974
0.664 -0.310208
0.668 -0.310597
0.672 -0.310907
0.676 -0.311141
0.68 -0.311301
0.684 -0.311387
0.688 -0.311401
0.692 -0.311345
0.696 -0.31122
0.7 -0.311029
0.704 -0.310771
0.708 -0.31045
0.712 -0.310065
0.716 -0.30962
0.72 -0.309115
0.724 -0.308552
0.728 -0.307933
0.732 -0.307258
0.736 -0.306529
0.74 -0.305748
0.744 -0.304917
0.748 -0.304036
0.752 -0.303106
0.756 -0.302131
0.76 -0.30111
0.764 -0.300045
0.768 -0.298938
0.772 -0.297789
0.776 -0.296601
0.78 -0.295374
0.788 -0.292809
0.796 -0.290105
0.804 -0.287273
0.812 -0.28432
0.82 -0.281257
0.828 -0.278092
0.836 -0.274834
0.844 -0.271491
0.852 -0.268072
0.86 -0.264584
0.868 -0.261035
0.876 -0.257431
0.884 -0.25378
0.892 -0.250087
0.9 -0.24636
0.908 -0.242604
0.916 -0.238825
0.924 -0.235029
0.932 -0.231219
0.94 -0.227402
0.948 -0.223582
0.956 -0.219762
0.964 -0.215948
0.972 -0.212144
0.98 -0.208351
0.988 -0.204575
0.996 -0.200819
1.004 -0.197084
1.012 -0.193375
1.02 -0.189693
1.028 -0.186042
1.036 -0.182422
1.044 -0.178837
1.052 -0.175287
1.06 -0.171776
1.068 -0.168304
1.076 -0.164872
1.084 -0.161483
1.092 -0.158136
1.1 -0.154834
1.108 -0.151577
1.116 -0.148365
1.124 -0.1452
1.132 -0.142081
1.14 -0.139011
1.148 -0.135987
1.156 -0.133012
1.164 -0.130085
1.172 -0.127207
1.18 -0.124377
1.188 -0.121595
1.196 -0.118862
1.204 -0.116177
1.212 -0.11354
1.22 -0.11095
1.228 -0.108408
1.236 -0.105914
1.244 -0.103466
1.252 -0.101064
1.26 -0.0987082
1.268 -0.0963979
1.276 -0.0941326
1.284 -0.0919117
1.292 -0.0897347
1.3 -0.087601
1.308 -0.0855101
1.316 -0.0834613
1.324 -0.081454
1.332 -0.0794876
1.34 -0.0775615
1.348 -0.075675
1.356 -0.0738274
1.364 -0.0720182
1.372 -0.0702466
1.38 -0.068512
1.388 -0.0668138
1.396 -0.0651512
1.404 -0.0635236
1.412 -0.0619303
1.42 -0.0603707
1.428 -0.0588441
1.436 -0.0573499
1.444 -0.0558873
1.452 -0.0544559
1.46 -0.0530549
1.468 -0.0516837
1.484 -0.0490282
1.5 -0.0464846
1.516 -0.0440481
1.532 -0.041714
1.548 -0.0394779
1.564 -0.0373355
1.58 -0.0352826
1.596 -0.0333152
1.612 -0.0314294
1.628 -0.0296216
1.644 -0.0278882
1.66 -0.0262258
1.676 -0.0246312
1.692 -0.0231013
1.708 -0.0216332
1.724 -0.0202241
1.74 -0.0188713
1.756 -0.0175723
1.772 -0.0163247
1.788 -0.0151261
1.804 -0.0139744
1.82 -0.0128676
1.836 -0.0118036
1.852 -0.0107807
1.868 -0.00979697
1.884 -0.00885085
1.9 -0.00794073
1.916 -0.00706509
1.932 -0.00622251
1.948 -0.00541164
1.964 -0.00463118
1.98 -0.00387992
1.996 -0.0031567
2.012 -0.00246042
2.028 -0.00179005
2.044 -0.00114458
2.06 -0.000523073
2.076 7.53633e-05
2.092 0.000651584
2.108 0.0012064
2.124 0.00174058
2.14 0.00225487
2.156 0.00274996
2.172 0.00322653
2.188 0.00368521
2.204 0.00412661
2.22 0.00455132
2.236 0.00495989
2.268 0.00573075
2.3 0.00644317
2.332 0.00710084
2.364 0.00770716
2.396 0.00826525
2.428 0.00877803
2.46 0.00924819
2.492 0.00967825
2.524 0.0100705
2.556 0.0104273
2.588 0.0107505
2.62 0.0110421
2.652 0.0113039
2.684 0.0115377
2.716 0.011745
2.748 0.0119273
2.78 0.0120862
2.812 0.0122229
2.844 0.0123388
2.876 0.012435
2.908 0.0125128
2.94 0.0125732
2.972 0.0126172
3.004 0.0126459
3.036 0.0126602
3.068 0.0126609
3.1 0.012649
3.132 0.0126253
3.164 0.0125904
3.196 0.0125452
3.228 0.0124903
3.26 0.0124264
3.292 0.0123542
3.324 0.0122741
3.356 0.0121868
3.388 0.0120929
3.42 0.0119927
3.452 0.0118869
3.484 0.0117758
3.516 0.0116599
3.548 0.0115396
3.58 0.0114154
3.612 0.0112875
3.676 0.0110223
3.74 0.0107465
3.804 0.0104626
3.868 0.0101726
3.932 0.00987833
3.996 0.00958144
4.06 0.0092834
4.124 0.00898549
4.188 0.00868883
4.252 0.00839442
4.316 0.00810313
4.38 0.00781568
4.444 0.00753273
4.508 0.00725483
4.572 0.00698243
4.636 0.00671593
4.7 0.00645563
4.764 0.00620179
4.828 0.00595462
4.892 0.00571426
4.956 0.00548081
5.02 0.00525435
5.084 0.0050349
5.148 0.00482247
5.212 0.00461702
5.276 0.00441852
5.34 0.00422688
5.404 0.00404202
5.468 0.00386383
5.532 0.00369221
5.596 0.00352701
5.66 0.00336811
5.724 0.00321535
5.788 0.00306859
5.852 0.00292766
5.916 0.00279242
5.98 0.00266269
6.044 0.00253832
6.108 0.00241913
6.172 0.00230497
6.236 0.00219566
6.3 0.00209105
6.364 0.00199097
6.428 0.00189526
6.492 0.00180377
6.556 0.00171633
6.62 0.00163281
6.684 0.00155304
6.812 0.00140421
6.94 0.00126873
7.068 0.00114553
7.196 0.00103362
7.324 0.000932067
7.452 0.000839995
7.58 0.000756593
7.708 0.000681106
7.836 0.000612837
7.964 0.00055114
8.092 0.000495423
8.22 0.000445138
8.348 0.000399784
8.476 0.000358903
8.604 0.000322075
8.732 0.000288915
8.86 0.000259074
8.988 0.000232234
9.116 0.000208103
9.244 0.000186418
9.372 0.00016694
9.5 0.000149451
9.628 0.000133755
9.756 0.000119673
9.884 0.000107045
10.012 9.5723e-05
10.14 8.55766e-05
10.268 7.64866e-05
10.396 6.83455e-05
10.524 6.10565e-05
10.652 5.45325e-05
10.78 4.86948e-05
10.908 4.34727e-05
11.036 3.88024e-05
11.164 3.46269e-05
11.292 3.08946e-05
11.42 2.75593e-05
11.548 2.45795e-05
11.676 2.19179e-05
11.932 1.7419e-05
12.188 1.38343e-05
12.444 1.09803e-05
12.7 8.70975e-06
12.956 6.90474e-06
13.212 5.47079e-06
13.468 4.33235e-06
13.724 3.42909e-06
13.98 2.71285e-06
14.236 2.14522e-06
14.492 1.69561e-06
14.748 1.33967e-06
15.004 1.05802e-06
15.26 8.35251e-07
15.516 6.59141e-07
15.772 5.19976e-07
