0 0.5
0.001 0.466065
0.002 0.432544
0.003 0.399433
0.004 0.366729
0.005 0.33443
0.006 0.302531
0.007 0.271029
0.008 0.239922
0.009 0.209204
0.01 0.178874
0.011 0.148927
0.012 0.11936
0.013 0.0901688
0.014 0.0613505
0.015 0.0329013
0.016 0.00481748
0.017 -0.0229046
0.018 -0.0502687
0.019 -0.0772783
0.02 -0.103937
0.021 -0.130249
0.022 -0.156218
0.023 -0.181847
0.024 -0.207141
0.025 -0.232102
0.026 -0.256735
0.027 -0.281043
0.028 -0.30503
0.029 -0.328701
0.03 -0.352057
0.031 -0.375104
0.032 -0.397845
0.033 -0.420283
0.034 -0.442423
0.036 -0.48582
0.038 -0.528067
0.04 -0.569191
0.042 -0.609222
0.044 -0.648188
0.046 -0.686117
0.048 -0.723036
0.05 -0.758974
0.052 -0.793956
0.054 -0.82801
0.056 -0.861162
0.058 -0.893437
0.06 -0.924861
0.062 -0.955458
0.064 -0.985253
0.066 -1.01427
0.068 -1.04253
0.07 -1.07006
0.072 -1.09688
0.074 -1.12301
0.076 -1.14848
0.078 -1.1733
0.08 -1.19749
0.082 -1.22108
0.084 -1.24409
0.086 -1.26652
0.088 -1.28841
0.09 -1.30977
0.092 -1.33061
0.094 -1.35096
0.096 -1.37083
0.098 -1.39023
0.1 -1.40918
0.102 -1.4277
0.104 -1.4458
0.106 -1.4635
0.108 -1.48081
0.11 -1.49773
0.112 -1.51429
0.114 -1.5305
0.116 -1.54637
0.118 -1.5619
0.12 -1.57712
0.122 -1.59203
0.124 -1.60664
0.126 -1.62096
0.128 -1.635
0.13 -1.64877
0.132 -1.66229
0.134 -1.67555
0.136 -1.68856
0.138 -1.70134
0.14 -1.71389
0.142 -1.72622
0.144 -1.73833
0.146 -1.75024
0.148 -1.76194
0.15 -1.77344
0.152 -1.78475
0.154 -1.79588
0.156 -1.80683
0.158 -1.8176
0.16 -1.8282
0.162 -1.83863
0.164 -1.8489
0.166 -1.85901
0.168 -1.86897
0.17 -1.87878
0.172 -1.88843
0.174 -1.89794
0.176 -1.90731
0.178 -1.91654
0.18 -1.92564
0.182 -1.9346
0.184 -1.94342
0.186 -1.95212
0.188 -1.96069
0.19 -1.96913
0.192 -1.97745
0.194 -1.98564
0.196 -1.99371
0.198 -2.00167
0.2 -2.0095
0.202 -2.01721
0.204 -2.02481
0.206 -2.03229
0.208 -2.03966
0.21 -2.04691
0.212 -2.05404
0.214 -2.06107
0.216 -2.06798
0.218 -2.07477
0.22 -2.08146
0.222 -2.08803
0.224 -2.09449
0.226 -2.10084
0.228 -2.10708
0.23 -2.1132
0.232 -2.11921
0.234 -2.12512
0.236 -2.13091
0.238 -2.13658
0.24 -2.14215
0.242 -2.1476
0.244 -2.15294
0.246 -2.15817
0.248 -2.16329
0.25 -2.16829
0.252 -2.17318
0.254 -2.17796
0.256 -2.18262
0.258 -2.18717
0.26 -2.1916
0.262 -2.19592
0.264 -2.20013
0.266 -2.20422
0.268 -2.20819
0.27 -2.21205
0.272 -2.21579
0.274 -2.21941
0.276 -2.22292
0.28 -2.22958
0.284 -2.23577
0.288 -2.24149
0.292 -2.24673
0.296 -2.2515
0.3 -2.25578
0.304 -2.25959
0.308 -2.26292
0.312 -2.26577
0.316 -2.26814
0.32 -2.27003
0.324 -2.27144
0.328 -2.27236
0.332 -2.27282
0.336 -2.27279
0.34 -2.27229
0.344 -2.27132
0.348 -2.26989
0.352 -2.26798
0.356 -2.26561
0.36 -2.26279
0.364 -2.25951
0.368 -2.25578
0.372 -2.2516
0.376 -2.24698
0.38 -2.24193
0.384 -2.23645
0.388 -2.23055
0.392 -2.22422
0.396 -2.21749
0.4 -2.21035
0.404 -2.20281
0.408 -2.19489
0.412 -2.18657
0.416 -2.17789
0.42 -2.16883
0.424 -2.15941
0.428 -2.14964
0.432 -2.13953
0.436 -2.12908
0.44 -2.1183
0.444 -2.1072
0.448 -2.09578
0.452 -2.08407
0.456 -2.07206
0.46 -2.05976
0.464 -2.04718
0.468 -2.03434
0.472 -2.02124
0.476 -2.00788
0.48 -1.99428
0.484 -1.98045
0.488 -1.96639
0.492 -1.95212
0.496 -1.93764
0.5 -1.92296
0.504 -1.90808
0.508 -1.89303
0.512 -1.8778
0.516 -1.8624
0.52 -1.84685
0.524 -1.83114
0.528 -1.8153
0.532 -1.79932
0.536 -1.78321
0.54 -1.76699
0.544 -1.75066
0.548 -1.73422
0.552 -1.71769
0.56 -1.68437
0.568 -1.65076
0.576 -1.61691
0.584 -1.58287
0.592 -1.54869
0.6 -1.51443
0.608 -1.48012
0.616 -1.44582
0.624 -1.41156
0.628 -1.39447
0.632 -1.37739
0.636 -1.36035
0.64 -1.34334
0.644 -1.32637
0.648 -1.30945
0.652 -1.29257
0.656 -1.27575
0.66 -1.25898
0.664 -1.24226
0.668 -1.22562
0.672 -1.20903
0.676 -1.19252
0.68 -1.17608
0.684 -1.15971
0.688 -1.14343
0.692 -1.12722
0.696 -1.1111
0.7 -1.09507
0.704 -1.07912
0.708 -1.06327
0.712 -1.04751
0.716 -1.03185
0.72 -1.01628
0.724 -1.00081
0.728 -0.985448
0.732 -0.970187
0.736 -0.955032
0.74 -0.939983
0.744 -0.925042
0.748 -0.91021
0.752 -0.89549
0.756 -0.880881
0.76 -0.866386
0.764 -0.852005
0.768 -0.837739
0.772 -0.823589
0.776 -0.809556
0.78 -0.795641
0.788 -0.768165
0.796 -0.741167
0.804 -0.714651
0.812 -0.688617
0.82 -0.663069
0.828 -0.638007
0.836 -0.613431
0.844 -0.589339
0.852 -0.565731
0.86 -0.542605
0.868 -0.519957
0.876 -0.497784
0.884 -0.476083
0.892 -0.454849
0.9 -0.434078
0.908 -0.413764
0.916 -0.393902
0.924 -0.374486
0.932 -0.355511
0.94 -0.336969
0.948 -0.318856
0.956 -0.301163
0.964 -0.283884
0.972 -0.267013
0.98 -0.250542
0.988 -0.234464
0.996 -0.218771
1.004 -0.203457
1.012 -0.188515
1.02 -0.173936
1.028 -0.159714
1.036 -0.14584
1.044 -0.132309
1.052 -0.119113
1.06 -0.106244
1.068 -0.0936946
1.076 -0.0814589
1.084 -0.0695293
1.092 -0.0578988
1.1 -0.0465607
1.108 -0.0355081
1.116 -0.0247344
1.124 -0.014233
1.132 -0.00399749
1.14 0.00597858
1.148 0.0157014
1.156 0.0251772
1.164 0.0344118
1.172 0.0434112
1.18 0.0521812
1.188 0.0607275
1.196 0.0690555
1.204 0.0771707
1.212 0.0850784
1.22 0.0927838
1.228 0.100292
1.236 0.107608
1.244 0.114736
1.252 0.121681
1.26 0.128448
1.268 0.135041
1.276 0.141465
1.284 0.147724
1.292 0.153821
1.3 0.159762
1.308 0.165549
1.316 0.171187
1.324 0.17668
1.332 0.182031
1.34 0.187243
1.348 0.19232
1.356 0.197265
1.364 0.202082
1.372 0.206774
1.38 0.211343
1.388 0.215793
1.396 0.220127
1.404 0.224347
1.412 0.228456
1.42 0.232457
1.428 0.236352
1.436 0.240144
1.444 0.243835
1.452 0.247428
1.46 0.250925
1.468 0.254329
1.484 0.260862
1.5 0.267046
1.516 0.272895
1.532 0.278425
1.548 0.283649
1.564 0.288582
1.58 0.293234
1.596 0.297619
1.612 0.301747
1.628 0.30563
1.644 0.309277
1.66 0.312697
1.676 0.3159
1.692 0.318895
1.708 0.32169
1.724 0.324292
1.74 0.326708
1.756 0.328947
1.772 0.331014
1.788 0.332917
1.804 0.33466
1.82 0.336251
1.836 0.337694
1.852 0.338996
1.868 0.34016
1.884 0.341193
1.9 0.342098
1.916 0.342881
1.932 0.343546
1.948 0.344096
1.964 0.344537
1.98 0.344871
1.996 0.345103
2.012 0.345236
2.028 0.345274
2.044 0.34522
2.06 0.345078
2.076 0.344849
2.092 0.344538
2.108 0.344148
2.124 0.343681
2.14 0.343139
2.156 0.342527
2.172 0.341846
2.188 0.341098
2.204 0.340286
2.22 0.339413
2.236 0.338481
2.268 0.336448
2.3 0.334203
2.332 0.331763
2.364 0.329143
2.396 0.326357
2.428 0.323418
2.46 0.320339
2.492 0.317132
2.524 0.313809
2.556 0.310379
2.588 0.306854
2.62 0.303242
2.652 0.299553
2.684 0.295796
2.716 0.291977
2.748 0.288106
2.78 0.284188
2.812 0.280231
2.844 0.276242
2.876 0.272226
2.908 0.268188
2.94 0.264135
2.972 0.260071
3.004 0.256002
3.036 0.25193
3.068 0.247861
3.1 0.243798
3.132 0.239746
3.164 0.235706
3.196 0.231684
3.228 0.227681
3.26 0.2237
3.292 0.219744
3.324 0.215816
3.356 0.211917
3.388 0.208049
3.42 0.204215
3.452 0.200416
3.484 0.196654
3.516 0.19293
3.548 0.189246
3.58 0.185602
3.612 0.182
3.676 0.174925
3.74 0.168028
3.804 0.161314
3.868 0.154786
3.932 0.148448
3.996 0.142301
4.06 0.136346
4.124 0.130582
4.188 0.125008
4.252 0.119624
4.316 0.114427
4.38 0.109415
4.444 0.104584
4.508 0.0999316
4.572 0.0954542
4.636 0.0911478
4.7 0.0870086
4.764 0.0830322
4.828 0.0792145
4.892 0.075551
4.956 0.0720373
5.02 0.0686689
5.084 0.0654413
5.148 0.0623499
5.212 0.0593904
5.276 0.0565581
5.34 0.0538488
5.404 0.051258
5.468 0.0487815
5.532 0.046415
5.596 0.0441545
5.66 0.0419959
5.724 0.0399352
5.788 0.0379686
5.852 0.0360923
5.916 0.0343028
5.98 0.0325965
6.044 0.0309698
6.108 0.0294196
6.172 0.0279426
6.236 0.0265356
6.3 0.0251957
6.364 0.0239199
6.428 0.0227055
6.492 0.0215497
6.556 0.02045
6.62 0.0194038
6.684 0.0184087
6.812 0.0165627
6.94 0.0148946
7.068 0.0133882
7.196 0.0120288
7.324 0.0108028
7.452 0.0096977
7.58 0.00870225
7.708 0.00780601
7.836 0.00699951
7.964 0.00627412
8.092 0.005622
8.22 0.00503602
8.348 0.00450968
8.476 0.00403713
8.604 0.00361303
8.732 0.00323256
8.86 0.00289136
8.988 0.00258548
9.116 0.00231137
9.244 0.0020658
9.372 0.00184588
9.5 0.00164898
9.628 0.00147275
9.756 0.00131506
9.884 0.00117401
10.012 0.00104787
10.14 0.000935086
10.268 0.00083428
10.396 0.0007442
10.524 0.000663722
10.652 0.00059184
10.78 0.000527649
10.908 0.00047034
11.036 0.000419185
11.164 0.000373533
11.292 0.0003328
11.42 0.000296462
11.548 0.000264052
11.676 0.000235151
11.932 0.000186413
12.188 0.000147695
12.444 0.000116958
12.7 9.25708e-05
12.956 7.32335e-05
13.212 5.79091e-05
13.468 4.57712e-05
13.724 3.61621e-05
13.98 2.85588e-05
14.236 2.25453e-05
14.492 1.77914e-05
14.748 1.40348e-05
15.004 1.10676e-05
15.26 8.72473e-06
15.516 6.87563e-06
15.772 5.41673e-06
