0 0.5
0.1 0.477786
0.2 0.45224
0.3 0.439911
0.4 0.448619
0.5 0.472534
0.6 0.494093
0.7 0.500122
0.8 0.487002
0.9 0.45791
1 0.418627
1.1 0.37474
1.2 0.330462
1.3 0.28847
1.4 0.25019
1.5 0.216178
1.6 0.186459
1.7 0.160763
1.8 0.138689
1.9 0.119793
2 0.103643
2.1 0.089844
2.2 0.0780453
2.3 0.0679437
2.4 0.0592803
2.5 0.0518353
2.6 0.0454233
2.7 0.0398883
2.8 0.0350991
2.9 0.0309453
3 0.027334
3.1 0.0241871
3.2 0.0214386
3.3 0.0190325
3.4 0.0169217
3.5 0.0150661
3.6 0.0134316
3.7 0.011989
3.8 0.0107134
3.9 0.00958369
4 0.00858144
4.1 0.00769092
4.2 0.00689854
4.3 0.00619253
4.4 0.00556268
4.5 0.00500013
4.6 0.00449712
4.7 0.00404691
4.8 0.00364357
4.9 0.00328192
5 0.00295739
5.1 0.00266596
5.2 0.00240407
5.3 0.00216859
5.4 0.00195674
5.5 0.00176604
5.6 0.0015943
5.7 0.00143957
5.8 0.00130011
5.9 0.00117437
6 0.00106096
6.1 0.000958643
6.2 0.000866308
6.3 0.000782961
6.4 0.000707709
6.5 0.000639754
6.6 0.000578375
6.7 0.000522928
6.8 0.000472831
6.9 0.000427562
7 0.00038665
7.1 0.000349673
7.2 0.000316247
7.3 0.000286029
7.4 0.00025871
7.5 0.000234008
7.6 0.000211672
7.7 0.000191473
7.8 0.000173207
7.9 0.000156687
8 0.000141746
8.1 0.000128232
8.2 0.000116009
8.3 0.000104953
8.4 9.49517e-05
8.5 8.59047e-05
8.6 7.77207e-05
8.7 7.03171e-05
8.8 6.36194e-05
8.9 5.75602e-05
9 5.20786e-05
9.1 4.71193e-05
9.2 4.26325e-05
9.3 3.85733e-05
9.4 3.49007e-05
9.5 3.15779e-05
9.6 2.85717e-05
9.7 2.58517e-05
9.8 2.33908e-05
9.9 2.11642e-05
10 1.91496e-05
