0 0.1
0.001 0.00927159
0.002 -0.0797666
0.003 -0.167131
0.004 -0.25284
0.005 -0.33691
0.006 -0.419359
0.007 -0.500204
0.008 -0.579463
0.009 -0.657153
0.01 -0.733293
0.011 -0.8079
0.012 -0.880992
0.013 -0.952587
0.014 -1.0227
0.015 -1.09136
0.016 -1.15857
0.017 -1.22436
0.018 -1.28875
0.019 -1.35174
0.02 -1.41336
0.021 -1.47364
0.022 -1.53258
0.023 -1.5902
0.024 -1.64652
0.025 -1.70157
0.026 -1.75535
0.027 -1.80789
0.028 -1.8592
0.029 -1.90931
0.03 -1.95822
0.031 -2.00596
0.032 -2.05254
0.033 -2.09799
0.034 -2.14231
0.036 -2.22767
0.038 -2.30874
0.04 -2.38567
0.042 -2.45859
0.044 -2.52763
0.046 -2.59292
0.048 -2.65458
0.05 -2.71274
0.052 -2.76753
0.054 -2.81906
0.056 -2.86745
0.058 -2.91282
0.06 -2.95528
0.062 -2.99494
0.064 -3.03191
0.066 -3.06629
0.068 -3.09819
0.07 -3.1277
0.072 -3.15494
0.074 -3.17998
0.076 -3.20294
0.078 -3.22388
0.08 -3.24291
0.082 -3.26011
0.084 -3.27556
0.086 -3.28935
0.088 -3.30155
0.09 -3.31223
0.092 -3.32148
0.094 -3.32935
0.096 -3.33593
0.098 -3.34128
0.1 -3.34546
0.102 -3.34853
0.104 -3.35056
0.106 -3.35159
0.108 -3.3517
0.11 -3.35093
0.112 -3.34933
0.114 -3.34696
0.116 -3.34385
0.118 -3.34006
0.12 -3.33564
0.122 -3.33061
0.124 -3.32503
0.126 -3.31893
0.128 -3.31236
0.13 -3.30533
0.132 -3.2979
0.134 -3.29008
0.136 -3.28192
0.138 -3.27344
0.14 -3.26467
0.142 -3.25564
0.144 -3.24636
0.146 -3.23688
0.148 -3.22719
0.15 -3.21734
0.152 -3.20734
0.154 -3.1972
0.156 -3.18695
0.158 -3.17661
0.16 -3.16618
0.162 -3.15568
0.164 -3.14514
0.166 -3.13455
0.168 -3.12394
0.17 -3.11331
0.172 -3.10267
0.174 -3.09204
0.176 -3.08142
0.178 -3.07082
0.18 -3.06024
0.182 -3.0497
0.184 -3.0392
0.186 -3.02875
0.188 -3.01835
0.19 -3.008
0.192 -2.99771
0.194 -2.98748
0.196 -2.97732
0.198 -2.96722
0.2 -2.95719
0.202 -2.94723
0.204 -2.93734
0.206 -2.92752
0.208 -2.91777
0.21 -2.9081
0.212 -2.89849
0.214 -2.88896
0.216 -2.87949
0.218 -2.87009
0.22 -2.86075
0.222 -2.85148
0.224 -2.84228
0.226 -2.83313
0.228 -2.82404
0.23 -2.815
0.232 -2.80602
0.234 -2.79709
0.236 -2.7882
0.238 -2.77936
0.24 -2.77056
0.242 -2.7618
0.244 -2.75307
0.246 -2.74437
0.248 -2.7357
0.25 -2.72705
0.252 -2.71842
0.254 -2.70981
0.256 -2.70121
0.258 -2.69262
0.26 -2.68404
0.262 -2.67546
0.264 -2.66687
0.266 -2.65829
0.268 -2.64969
0.27 -2.64108
0.272 -2.63246
0.274 -2.62382
0.276 -2.61515
0.28 -2.59774
0.284 -2.58019
0.288 -2.56249
0.292 -2.54461
0.296 -2.52653
0.3 -2.50822
0.304 -2.48966
0.308 -2.47084
0.312 -2.45173
0.316 -2.43232
0.32 -2.4126
0.324 -2.39254
0.328 -2.37214
0.332 -2.35139
0.336 -2.33027
0.34 -2.30879
0.344 -2.28693
0.348 -2.26468
0.352 -2.24205
0.356 -2.21904
0.36 -2.19563
0.364 -2.17184
0.368 -2.14766
0.372 -2.12309
0.376 -2.09815
0.38 -2.07283
0.384 -2.04714
0.388 -2.02109
0.392 -1.99469
0.396 -1.96794
0.4 -1.94086
0.404 -1.91345
0.408 -1.88572
0.412 -1.8577
0.416 -1.82938
0.42 -1.80079
0.424 -1.77193
0.428 -1.74283
0.432 -1.71349
0.436 -1.68393
0.44 -1.65417
0.444 -1.62422
0.448 -1.59409
0.452 -1.56381
0.456 -1.53338
0.46 -1.50283
0.464 -1.47218
0.468 -1.44142
0.472 -1.41059
0.476 -1.37971
0.48 -1.34877
0.484 -1.31781
0.488 -1.28684
0.492 -1.25587
0.496 -1.22492
0.5 -1.19401
0.504 -1.16315
0.508 -1.13235
0.512 -1.10163
0.516 -1.07101
0.52 -1.0405
0.524 -1.01012
0.528 -0.979867
0.532 -0.949769
0.536 -0.919835
0.54 -0.890078
0.544 -0.860509
0.548 -0.831142
0.552 -0.801988
0.56 -0.744362
0.568 -0.687717
0.576 -0.632131
0.584 -0.577679
0.592 -0.524425
0.6 -0.47243
0.608 -0.421748
0.616 -0.372427
0.624 -0.324506
0.628 -0.301083
0.632 -0.278023
0.636 -0.255331
0.64 -0.233008
0.644 -0.211058
0.648 -0.189483
0.652 -0.168286
0.656 -0.147469
0.66 -0.127033
0.664 -0.106979
0.668 -0.0873093
0.672 -0.0680232
0.676 -0.0491216
0.68 -0.0306047
0.684 -0.0124724
0.688 0.00527569
0.692 0.0226402
0.696 0.039622
0.7 0.0562221
0.704 0.072442
0.708 0.088283
0.712 0.103747
0.716 0.118836
0.72 0.133551
0.724 0.147896
0.728 0.161873
0.732 0.175484
0.736 0.188733
0.74 0.201621
0.744 0.214153
0.748 0.226332
0.752 0.23816
0.756 0.249641
0.76 0.26078
0.764 0.271579
0.768 0.282043
0.772 0.292176
0.776 0.30198
0.78 0.311462
0.788 0.329471
0.796 0.346238
0.804 0.361797
0.812 0.376185
0.82 0.389438
0.828 0.401594
0.836 0.412689
0.844 0.422762
0.852 0.431851
0.86 0.439993
0.868 0.447226
0.876 0.453587
0.884 0.459114
0.892 0.463842
0.9 0.467809
0.908 0.47105
0.916 0.473599
0.924 0.475492
0.932 0.476761
0.94 0.477441
0.948 0.477561
0.956 0.477155
0.964 0.476252
0.972 0.474882
0.98 0.473073
0.988 0.470854
0.996 0.46825
1.004 0.465288
1.012 0.461994
1.02 0.45839
1.028 0.4545
1.036 0.450346
1.044 0.44595
1.052 0.441332
1.06 0.436511
1.068 0.431507
1.076 0.426337
1.084 0.421018
1.092 0.415567
1.1 0.409998
1.108 0.404327
1.116 0.398567
1.124 0.392732
1.132 0.386834
1.14 0.380884
1.148 0.374894
1.156 0.368874
1.164 0.362834
1.172 0.356784
1.18 0.350731
1.188 0.344685
1.196 0.338651
1.204 0.332639
1.212 0.326653
1.22 0.3207
1.228 0.314786
1.236 0.308916
1.244 0.303095
1.252 0.297326
1.26 0.291615
1.268 0.285964
1.276 0.280377
1.284 0.274856
1.292 0.269406
1.3 0.264027
1.308 0.258722
1.316 0.253493
1.324 0.248342
1.332 0.243269
1.34 0.238276
1.348 0.233364
1.356 0.228534
1.364 0.223787
1.372 0.219122
1.38 0.214539
1.388 0.210041
1.396 0.205625
1.404 0.201292
1.412 0.197041
1.42 0.192874
1.428 0.188787
1.436 0.184783
1.444 0.180859
1.452 0.177015
1.46 0.17325
1.468 0.169563
1.484 0.162421
1.5 0.155581
1.516 0.149034
1.532 0.142771
1.548 0.136784
1.564 0.131061
1.58 0.125595
1.596 0.120373
1.612 0.115388
1.628 0.110628
1.644 0.106084
1.66 0.101747
1.676 0.0976076
1.692 0.0936561
1.708 0.0898839
1.724 0.0862824
1.74 0.0828435
1.756 0.079559
1.772 0.0764214
1.788 0.0734233
1.804 0.0705576
1.82 0.0678177
1.836 0.0651971
1.852 0.0626897
1.868 0.0602896
1.884 0.0579914
1.9 0.0557898
1.916 0.0536798
1.932 0.0516568
1.948 0.0497162
1.964 0.0478538
1.98 0.0460657
1.996 0.044348
2.012 0.0426973
2.028 0.0411101
2.044 0.0395834
2.06 0.0381141
2.076 0.0366994
2.092 0.0353366
2.108 0.0340233
2.124 0.0327572
2.14 0.0315359
2.156 0.0303575
2.172 0.02922
2.188 0.0281214
2.204 0.0270601
2.22 0.0260344
2.236 0.0250429
2.268 0.0231562
2.3 0.0213894
2.332 0.0197329
2.364 0.0181783
2.396 0.0167179
2.428 0.0153449
2.46 0.0140532
2.492 0.0128373
2.524 0.0116922
2.556 0.0106134
2.588 0.00959674
2.62 0.00863847
2.652 0.00773515
2.684 0.00688362
2.716 0.00608096
2.748 0.00532448
2.78 0.00461166
2.812 0.00394017
2.844 0.00330784
2.876 0.00271264
2.908 0.00215266
2.94 0.0016261
2.972 0.00113128
3.004 0.000666607
3.036 0.00023057
3.068 -0.000178253
3.1 -0.00056121
3.132 -0.000919584
3.164 -0.00125459
3.196 -0.00156738
3.228 -0.00185906
3.26 -0.00213068
3.292 -0.00238323
3.324 -0.00261767
3.356 -0.00283489
3.388 -0.00303577
3.42 -0.00322113
3.452 -0.00339176
3.484 -0.00354841
3.516 -0.00369179
3.548 -0.0038226
3.58 -0.00394149
3.612 -0.00404908
3.676 -0.00423272
3.74 -0.00437799
3.804 -0.00448896
3.868 -0.00456932
3.932 -0.00462245
3.996 -0.00465142
4.06 -0.00465903
4.124 -0.00464781
4.188 -0.00462008
4.252 -0.00457792
4.316 -0.00452323
4.38 -0.00445772
4.444 -0.00438295
4.508 -0.00430032
4.572 -0.00421109
4.636 -0.00411639
4.7 -0.00401725
4.764 -0.00391459
4.828 -0.00380921
4.892 -0.00370185
4.956 -0.00359316
5.02 -0.00348372
5.084 -0.00337405
5.148 -0.00326458
5.212 -0.00315571
5.276 -0.0030478
5.34 -0.00294114
5.404 -0.00283599
5.468 -0.00273257
5.532 -0.00263108
5.596 -0.00253167
5.66 -0.00243447
5.724 -0.00233959
5.788 -0.00224712
5.852 -0.00215713
5.916 -0.00206965
5.98 -0.00198473
6.044 -0.00190239
6.108 -0.00182263
6.172 -0.00174544
6.236 -0.00167082
6.3 -0.00159875
6.364 -0.00152919
6.428 -0.00146211
6.492 -0.00139747
6.556 -0.00133522
6.62 -0.00127532
6.684 -0.00121772
6.812 -0.00110918
6.94 -0.00100914
7.068 -0.000917133
7.196 -0.000832665
7.324 -0.000755255
7.452 -0.000684426
7.58 -0.000619715
7.708 -0.000560674
7.836 -0.000506874
7.964 -0.000457908
8.092 -0.000413392
8.22 -0.000372963
8.348 -0.000336281
8.476 -0.00030303
8.604 -0.000272914
8.732 -0.000245661
8.86 -0.000221017
8.988 -0.000198749
9.116 -0.000178641
9.244 -0.000160496
9.372 -0.000144132
9.5 -0.000129384
9.628 -0.000116099
9.756 -0.000104138
9.884 -9.33761e-05
10.012 -8.36967e-05
10.14 -7.49952e-05
10.268 -6.71765e-05
10.396 -6.0154e-05
10.524 -5.38492e-05
10.652 -4.81911e-05
10.78 -4.31153e-05
10.908 -3.85635e-05
11.036 -3.44831e-05
11.164 -3.08265e-05
11.292 -2.75508e-05
11.42 -2.46173e-05
11.548 -2.19909e-05
11.676 -1.96403e-05
11.932 -1.56558e-05
12.188 -1.24693e-05
12.444 -9.92359e-06
12.7 -7.89172e-06
12.956 -6.27147e-06
13.212 -4.98054e-06
13.468 -3.95282e-06
13.724 -3.13528e-06
13.98 -2.48539e-06
14.236 -1.96914e-06
14.492 -1.5593e-06
14.748 -1.23414e-06
15.004 -9.76321e-07
15.26 -7.72006e-07
15.516 -6.10181e-07
15.772 -4.82073e-07
