0 0.3
0.001 0.195365
0.002 0.0924543
0.003 -0.00874329
0.004 -0.108241
0.005 -0.206051
0.006 -0.302187
0.007 -0.396662
0.008 -0.489491
0.009 -0.580686
0.01 -0.670263
0.011 -0.758235
0.012 -0.844616
0.013 -0.929423
0.014 -1.01267
0.015 -1.09437
0.016 -1.17454
0.017 -1.25319
0.018 -1.33035
0.019 -1.40602
0.02 -1.48022
0.021 -1.55297
0.022 -1.62428
0.023 -1.69417
0.024 -1.76265
0.025 -1.82975
0.026 -1.89547
0.027 -1.95983
0.028 -2.02285
0.029 -2.08455
0.03 -2.14493
0.031 -2.20402
0.032 -2.26184
0.033 -2.31839
0.034 -2.3737
0.036 -2.48065
0.038 -2.5828
0.04 -2.6803
0.042 -2.77325
0.044 -2.8618
0.046 -2.94607
0.048 -3.02617
0.05 -3.10223
0.052 -3.17437
0.054 -3.24271
0.056 -3.30736
0.058 -3.36845
0.06 -3.42608
0.062 -3.48037
0.064 -3.53143
0.066 -3.57937
0.068 -3.62429
0.07 -3.66629
0.072 -3.70549
0.074 -3.74197
0.076 -3.77584
0.078 -3.80719
0.08 -3.83611
0.082 -3.86271
0.084 -3.88706
0.086 -3.90925
0.088 -3.92937
0.09 -3.9475
0.092 -3.96373
0.094 -3.97812
0.096 -3.99076
0.098 -4.00172
0.1 -4.01107
0.102 -4.01888
0.104 -4.02523
0.106 -4.03017
0.108 -4.03377
0.11 -4.03609
0.112 -4.03719
0.114 -4.03714
0.116 -4.03597
0.118 -4.03376
0.12 -4.03055
0.122 -4.0264
0.124 -4.02135
0.126 -4.01544
0.128 -4.00873
0.13 -4.00126
0.132 -3.99307
0.134 -3.9842
0.136 -3.97468
0.138 -3.96457
0.14 -3.95389
0.142 -3.94268
0.144 -3.93097
0.146 -3.91879
0.148 -3.90617
0.15 -3.89315
0.152 -3.87975
0.154 -3.86599
0.156 -3.85191
0.158 -3.83752
0.16 -3.82285
0.162 -3.80792
0.164 -3.79276
0.166 -3.77738
0.168 -3.76179
0.17 -3.74603
0.172 -3.73011
0.174 -3.71403
0.176 -3.69783
0.178 -3.6815
0.18 -3.66507
0.182 -3.64855
0.184 -3.63195
0.186 -3.61528
0.188 -3.59856
0.19 -3.58178
0.192 -3.56497
0.194 -3.54812
0.196 -3.53126
0.198 -3.51438
0.2 -3.49749
0.202 -3.4806
0.204 -3.46371
0.206 -3.44684
0.208 -3.42997
0.21 -3.41313
0.212 -3.39631
0.214 -3.37952
0.216 -3.36275
0.218 -3.34602
0.22 -3.32933
0.222 -3.31267
0.224 -3.29605
0.226 -3.27947
0.228 -3.26294
0.23 -3.24644
0.232 -3.22999
0.234 -3.21359
0.236 -3.19723
0.238 -3.18092
0.24 -3.16465
0.242 -3.14842
0.244 -3.13224
0.246 -3.1161
0.248 -3.10001
0.25 -3.08395
0.252 -3.06794
0.254 -3.05197
0.256 -3.03603
0.258 -3.02014
0.26 -3.00428
0.262 -2.98845
0.264 -2.97266
0.266 -2.95689
0.268 -2.94116
0.27 -2.92545
0.272 -2.90977
0.274 -2.89412
0.276 -2.87849
0.28 -2.84728
0.284 -2.81614
0.288 -2.78505
0.292 -2.75401
0.296 -2.72298
0.3 -2.69196
0.304 -2.66094
0.308 -2.6299
0.312 -2.59883
0.316 -2.56772
0.32 -2.53655
0.324 -2.50532
0.328 -2.47402
0.332 -2.44263
0.336 -2.41116
0.34 -2.37959
0.344 -2.34791
0.348 -2.31613
0.352 -2.28424
0.356 -2.25224
0.36 -2.22012
0.364 -2.18788
0.368 -2.15553
0.372 -2.12306
0.376 -2.09048
0.38 -2.05778
0.384 -2.02498
0.388 -1.99207
0.392 -1.95906
0.396 -1.92596
0.4 -1.89277
0.404 -1.85949
0.408 -1.82614
0.412 -1.79272
0.416 -1.75925
0.42 -1.72572
0.424 -1.69215
0.428 -1.65855
0.432 -1.62493
0.436 -1.5913
0.44 -1.55766
0.444 -1.52404
0.448 -1.49044
0.452 -1.45687
0.456 -1.42334
0.46 -1.38987
0.464 -1.35647
0.468 -1.32314
0.472 -1.2899
0.476 -1.25677
0.48 -1.22375
0.484 -1.19085
0.488 -1.15809
0.492 -1.12548
0.496 -1.09303
0.5 -1.06074
0.504 -1.02864
0.508 -0.996734
0.512 -0.965028
0.516 -0.933536
0.52 -0.902268
0.524 -0.871234
0.528 -0.840443
0.532 -0.809906
0.536 -0.779631
0.54 -0.749628
0.544 -0.719905
0.548 -0.690471
0.552 -0.661334
0.56 -0.603981
0.568 -0.547906
0.576 -0.493162
0.584 -0.439798
0.592 -0.387858
0.6 -0.33738
0.608 -0.288398
0.616 -0.24094
0.624 -0.195029
0.628 -0.17266
0.632 -0.150684
0.636 -0.129103
0.64 -0.107918
0.644 -0.0871312
0.648 -0.0667421
0.652 -0.0467516
0.656 -0.02716
0.66 -0.00796708
0.664 0.0108273
0.668 0.0292235
0.672 0.0472225
0.676 0.0648252
0.68 0.0820327
0.684 0.0988464
0.688 0.115268
0.692 0.131299
0.696 0.146942
0.7 0.162199
0.704 0.177071
0.708 0.191563
0.712 0.205676
0.716 0.219413
0.72 0.232777
0.724 0.245772
0.728 0.2584
0.732 0.270665
0.736 0.282571
0.74 0.294121
0.744 0.305319
0.748 0.316169
0.752 0.326675
0.756 0.33684
0.76 0.34667
0.764 0.356168
0.768 0.365339
0.772 0.374186
0.776 0.382715
0.78 0.39093
0.788 0.406435
0.796 0.420739
0.804 0.43388
0.812 0.445895
0.82 0.456823
0.828 0.466702
0.836 0.475572
0.844 0.48347
0.852 0.490436
0.86 0.496508
0.868 0.501724
0.876 0.506121
0.884 0.509736
0.892 0.512606
0.9 0.514768
0.908 0.516256
0.916 0.517104
0.924 0.517347
0.932 0.517018
0.94 0.516148
0.948 0.51477
0.956 0.512913
0.964 0.510606
0.972 0.50788
0.98 0.50476
0.988 0.501275
0.996 0.497449
1.004 0.493307
1.012 0.488875
1.02 0.484174
1.028 0.479226
1.036 0.474053
1.044 0.468676
1.052 0.463112
1.06 0.457382
1.068 0.451503
1.076 0.44549
1.084 0.439362
1.092 0.433131
1.1 0.426814
1.108 0.420424
1.116 0.413973
1.124 0.407474
1.132 0.400939
1.14 0.394378
1.148 0.387801
1.156 0.381218
1.164 0.374638
1.172 0.36807
1.18 0.36152
1.188 0.354998
1.196 0.348508
1.204 0.342058
1.212 0.335653
1.22 0.329299
1.228 0.323001
1.236 0.316763
1.244 0.310589
1.252 0.304483
1.26 0.298449
1.268 0.292489
1.276 0.286606
1.284 0.280803
1.292 0.275082
1.3 0.269445
1.308 0.263892
1.316 0.258427
1.324 0.253049
1.332 0.247761
1.34 0.242561
1.348 0.237452
1.356 0.232434
1.364 0.227506
1.372 0.222669
1.38 0.217922
1.388 0.213266
1.396 0.2087
1.404 0.204224
1.412 0.199837
1.42 0.195539
1.428 0.191328
1.436 0.187205
1.444 0.183167
1.452 0.179215
1.46 0.175346
1.468 0.171561
1.484 0.164235
1.5 0.157228
1.516 0.150529
1.532 0.144128
1.548 0.138015
1.564 0.132178
1.58 0.126607
1.596 0.121292
1.612 0.11622
1.628 0.111383
1.644 0.106769
1.66 0.102367
1.676 0.0981695
1.692 0.0941652
1.708 0.0903451
1.724 0.0867003
1.74 0.0832219
1.756 0.0799018
1.772 0.0767318
1.788 0.0737043
1.804 0.0708121
1.82 0.0680481
1.836 0.0654056
1.852 0.0628784
1.868 0.0604604
1.884 0.058146
1.9 0.0559297
1.916 0.0538064
1.932 0.0517713
1.948 0.0498198
1.964 0.0479476
1.98 0.0461505
1.996 0.0444248
2.012 0.0427667
2.028 0.0411729
2.044 0.0396402
2.06 0.0381654
2.076 0.0367458
2.092 0.0353786
2.108 0.0340613
2.124 0.0327916
2.14 0.031567
2.156 0.0303856
2.172 0.0292454
2.188 0.0281444
2.204 0.0270809
2.22 0.0260532
2.236 0.0250598
2.268 0.0231701
2.3 0.0214007
2.332 0.0197422
2.364 0.0181858
2.396 0.016724
2.428 0.0153499
2.46 0.0140573
2.492 0.0128407
2.524 0.011695
2.556 0.0106157
2.588 0.00959858
2.62 0.00863997
2.652 0.00773638
2.684 0.00688463
2.716 0.00608178
2.748 0.00532515
2.78 0.0046122
2.812 0.00394062
2.844 0.00330821
2.876 0.00271294
2.908 0.0021529
2.94 0.0016263
2.972 0.00113145
3.004 0.000666739
3.036 0.000230678
3.068 -0.000178164
3.1 -0.000561138
3.132 -0.000919525
3.164 -0.00125454
3.196 -0.00156734
3.228 -0.00185903
3.26 -0.00213066
3.292 -0.00238321
3.324 -0.00261765
3.356 -0.00283488
3.388 -0.00303576
3.42 -0.00322112
3.452 -0.00339175
3.484 -0.0035484
3.516 -0.00369179
3.548 -0.0038226
3.58 -0.00394149
3.612 -0.00404907
3.676 -0.00423272
3.74 -0.00437799
3.804 -0.00448896
3.868 -0.00456932
3.932 -0.00462245
3.996 -0.00465142
4.06 -0.00465903
4.124 -0.00464781
4.188 -0.00462008
4.252 -0.00457792
4.316 -0.00452323
4.38 -0.00445772
4.444 -0.00438295
4.508 -0.00430032
4.572 -0.00421109
4.636 -0.00411639
4.7 -0.00401725
4.764 -0.00391459
4.828 -0.00380921
4.892 -0.00370185
4.956 -0.00359316
5.02 -0.00348372
5.084 -0.00337405
5.148 -0.00326458
5.212 -0.00315571
5.276 -0.0030478
5.34 -0.00294114
5.404 -0.00283599
5.468 -0.00273257
5.532 -0.00263108
5.596 -0.00253167
5.66 -0.00243447
5.724 -0.00233959
5.788 -0.00224712
5.852 -0.00215713
5.916 -0.00206965
5.98 -0.00198473
6.044 -0.00190239
6.108 -0.00182263
6.172 -0.00174544
6.236 -0.00167082
6.3 -0.00159875
6.364 -0.00152919
6.428 -0.00146211
6.492 -0.00139747
6.556 -0.00133522
6.62 -0.00127532
6.684 -0.00121772
6.812 -0.00110918
6.94 -0.00100914
7.068 -0.000917133
7.196 -0.000832665
7.324 -0.000755255
7.452 -0.000684426
7.58 -0.000619715
7.708 -0.000560674
7.836 -0.000506874
7.964 -0.000457908
8.092 -0.000413392
8.22 -0.000372963
8.348 -0.000336281
8.476 -0.00030303
8.604 -0.000272914
8.732 -0.000245661
8.86 -0.000221017
8.988 -0.000198749
9.116 -0.000178641
9.244 -0.000160496
9.372 -0.000144132
9.5 -0.000129384
9.628 -0.000116099
9.756 -0.000104138
9.884 -9.33761e-05
10.012 -8.36967e-05
10.14 -7.49952e-05
10.268 -6.71765e-05
10.396 -6.0154e-05
10.524 -5.38492e-05
10.652 -4.81911e-05
10.78 -4.31153e-05
10.908 -3.85635e-05
11.036 -3.44831e-05
11.164 -3.08265e-05
11.292 -2.75508e-05
11.42 -2.46173e-05
11.548 -2.19909e-05
11.676 -1.96403e-05
11.932 -1.56558e-05
12.188 -1.24693e-05
12.444 -9.92359e-06
12.7 -7.89172e-06
12.956 -6.27147e-06
13.212 -4.98054e-06
13.468 -3.95282e-06
13.724 -3.13528e-06
13.98 -2.48539e-06
14.236 -1.96914e-06
14.492 -1.5593e-06
14.748 -1.23414e-06
15.004 -9.76321e-07
15.26 -7.72006e-07
15.516 -6.10181e-07
15.772 -4.82073e-07
