0 0.5
0.001 0.500185
0.002 0.500339
0.003 0.500462
0.004 0.500556
0.005 0.500621
0.006 0.500657
0.007 0.500663
0.008 0.500642
0.009 0.500592
0.01 0.500515
0.011 0.500411
0.012 0.50028
0.013 0.500122
0.014 0.499938
0.015 0.499728
0.016 0.499492
0.017 0.499232
0.018 0.498946
0.019 0.498636
0.02 0.498302
0.021 0.497943
0.022 0.497562
0.023 0.497157
0.024 0.496729
0.025 0.496278
0.026 0.495805
0.027 0.49531
0.028 0.494793
0.029 0.494255
0.03 0.493696
0.031 0.493115
0.032 0.492514
0.033 0.491893
0.034 0.491252
0.036 0.489911
0.038 0.488492
0.04 0.486999
0.042 0.485433
0.044 0.483797
0.046 0.482091
0.048 0.480319
0.05 0.478481
0.052 0.47658
0.054 0.474617
0.056 0.472594
0.058 0.470513
0.06 0.468375
0.062 0.466182
0.064 0.463935
0.066 0.461636
0.068 0.459286
0.07 0.456886
0.072 0.454438
0.074 0.451942
0.076 0.449402
0.078 0.446816
0.08 0.444187
0.082 0.441516
0.084 0.438803
0.086 0.43605
0.088 0.433258
0.09 0.430428
0.092 0.42756
0.094 0.424656
0.096 0.421717
0.098 0.418743
0.1 0.415734
0.102 0.412693
0.104 0.40962
0.106 0.406514
0.108 0.403378
0.11 0.400212
0.112 0.397016
0.114 0.393791
0.116 0.390538
0.118 0.387257
0.12 0.383949
0.122 0.380615
0.124 0.377254
0.126 0.373868
0.128 0.370456
0.13 0.367021
0.132 0.36356
0.134 0.360077
0.136 0.35657
0.138 0.35304
0.14 0.349487
0.142 0.345913
0.144 0.342317
0.146 0.3387
0.148 0.335061
0.15 0.331402
0.152 0.327723
0.154 0.324024
0.156 0.320305
0.158 0.316567
0.16 0.312809
0.162 0.309033
0.164 0.305239
0.166 0.301426
0.168 0.297595
0.17 0.293747
0.172 0.289881
0.174 0.285998
0.176 0.282098
0.178 0.278181
0.18 0.274248
0.182 0.270298
0.184 0.266333
0.186 0.262351
0.188 0.258355
0.19 0.254342
0.192 0.250315
0.194 0.246273
0.196 0.242216
0.198 0.238144
0.2 0.234059
0.202 0.229959
0.204 0.225845
0.206 0.221718
0.208 0.217577
0.21 0.213422
0.212 0.209255
0.214 0.205075
0.216 0.200882
0.218 0.196677
0.22 0.192459
0.222 0.188229
0.224 0.183988
0.226 0.179734
0.228 0.17547
0.23 0.171193
0.232 0.166906
0.234 0.162608
0.236 0.158299
0.238 0.15398
0.24 0.14965
0.242 0.145311
0.244 0.140961
0.246 0.136602
0.248 0.132233
0.25 0.127855
0.252 0.123468
0.254 0.119072
0.256 0.114668
0.258 0.110255
0.26 0.105834
0.262 0.101405
0.264 0.0969678
0.266 0.0925233
0.268 0.0880714
0.27 0.0836124
0.272 0.0791465
0.274 0.0746739
0.276 0.0701948
0.28 0.0612181
0.284 0.0522181
0.288 0.0431965
0.292 0.0341553
0.296 0.0250963
0.3 0.0160211
0.304 0.00693177
0.308 -0.00216998
0.312 -0.0112823
0.316 -0.0204032
0.32 -0.0295311
0.324 -0.0386639
0.328 -0.0477998
0.332 -0.0569371
0.336 -0.0660737
0.34 -0.075208
0.344 -0.084338
0.348 -0.0934619
0.352 -0.102578
0.356 -0.111684
0.36 -0.120779
0.364 -0.129861
0.368 -0.138927
0.372 -0.147977
0.376 -0.157008
0.38 -0.166019
0.384 -0.175008
0.388 -0.183973
0.392 -0.192913
0.396 -0.201826
0.4 -0.21071
0.404 -0.219565
0.408 -0.228387
0.412 -0.237177
0.416 -0.245932
0.42 -0.254651
0.424 -0.263332
0.428 -0.271974
0.432 -0.280576
0.436 -0.289136
0.44 -0.297653
0.444 -0.306126
0.448 -0.314553
0.452 -0.322934
0.456 -0.331266
0.46 -0.33955
0.464 -0.347783
0.468 -0.355965
0.472 -0.364095
0.476 -0.372171
0.48 -0.380193
0.484 -0.38816
0.488 -0.39607
0.492 -0.403924
0.496 -0.41172
0.5 -0.419457
0.504 -0.427134
0.508 -0.434752
0.512 -0.442308
0.516 -0.449803
0.52 -0.457236
0.524 -0.464605
0.528 -0.471912
0.532 -0.479154
0.536 -0.486333
0.54 -0.493446
0.544 -0.500493
0.548 -0.507475
0.552 -0.514391
0.56 -0.528023
0.568 -0.541386
0.576 -0.554478
0.584 -0.567297
0.592 -0.579843
0.6 -0.592115
0.608 -0.604111
0.616 -0.615832
0.624 -0.627278
0.628 -0.632898
0.632 -0.63845
0.636 -0.643933
0.64 -0.649348
0.644 -0.654695
0.648 -0.659974
0.652 -0.665185
0.656 -0.670329
0.66 -0.675405
0.664 -0.680414
0.668 -0.685357
0.672 -0.690232
0.676 -0.695042
0.68 -0.699785
0.684 -0.704463
0.688 -0.709075
0.692 -0.713622
0.696 -0.718105
0.7 -0.722523
0.704 -0.726876
0.708 -0.731167
0.712 -0.735393
0.716 -0.739557
0.72 -0.743659
0.724 -0.747698
0.728 -0.751675
0.732 -0.755591
0.736 -0.759446
0.74 -0.763241
0.744 -0.766975
0.748 -0.77065
0.752 -0.774266
0.756 -0.777823
0.76 -0.781321
0.764 -0.784762
0.768 -0.788145
0.772 -0.791472
0.776 -0.794742
0.78 -0.797956
0.788 -0.804218
0.796 -0.810262
0.804 -0.816092
0.812 -0.821711
0.82 -0.827123
0.828 -0.832333
0.836 -0.837344
0.844 -0.84216
0.852 -0.846786
0.86 -0.851224
0.868 -0.855478
0.876 -0.859553
0.884 -0.863453
0.892 -0.867181
0.9 -0.87074
0.908 -0.874135
0.916 -0.877369
0.924 -0.880446
0.932 -0.883369
0.94 -0.886141
0.948 -0.888768
0.956 -0.89125
0.964 -0.893593
0.972 -0.895799
0.98 -0.897872
0.988 -0.899814
0.996 -0.901629
1.004 -0.90332
1.012 -0.90489
1.02 -0.906341
1.028 -0.907678
1.036 -0.908901
1.044 -0.910016
1.052 -0.911023
1.06 -0.911926
1.068 -0.912727
1.076 -0.913429
1.084 -0.914034
1.092 -0.914545
1.1 -0.914964
1.108 -0.915293
1.116 -0.915535
1.124 -0.915692
1.132 -0.915766
1.14 -0.915759
1.148 -0.915673
1.156 -0.91551
1.164 -0.915272
1.172 -0.914962
1.18 -0.91458
1.188 -0.914129
1.196 -0.91361
1.204 -0.913026
1.212 -0.912378
1.22 -0.911667
1.228 -0.910895
1.236 -0.910064
1.244 -0.909175
1.252 -0.90823
1.26 -0.90723
1.268 -0.906176
1.276 -0.90507
1.284 -0.903914
1.292 -0.902708
1.3 -0.901454
1.308 -0.900153
1.316 -0.898806
1.324 -0.897415
1.332 -0.89598
1.34 -0.894504
1.348 -0.892986
1.356 -0.891427
1.364 -0.88983
1.372 -0.888195
1.38 -0.886523
1.388 -0.884814
1.396 -0.883071
1.404 -0.881293
1.412 -0.879482
1.42 -0.877638
1.428 -0.875763
1.436 -0.873857
1.444 -0.871922
1.452 -0.869957
1.46 -0.867963
1.468 -0.865942
1.484 -0.861821
1.5 -0.857597
1.516 -0.853277
1.532 -0.848867
1.548 -0.84437
1.564 -0.839792
1.58 -0.835137
1.596 -0.83041
1.612 -0.825615
1.628 -0.820756
1.644 -0.815836
1.66 -0.81086
1.676 -0.805831
1.692 -0.800753
1.708 -0.795628
1.724 -0.79046
1.74 -0.785252
1.756 -0.780006
1.772 -0.774726
1.788 -0.769415
1.804 -0.764074
1.82 -0.758706
1.836 -0.753315
1.852 -0.747901
1.868 -0.742468
1.884 -0.737017
1.9 -0.73155
1.916 -0.72607
1.932 -0.720579
1.948 -0.715077
1.964 -0.709568
1.98 -0.704053
1.996 -0.698533
2.012 -0.69301
2.028 -0.687486
2.044 -0.681962
2.06 -0.676439
2.076 -0.67092
2.092 -0.665405
2.108 -0.659895
2.124 -0.654392
2.14 -0.648898
2.156 -0.643412
2.172 -0.637937
2.188 -0.632473
2.204 -0.627022
2.22 -0.621585
2.236 -0.616161
2.268 -0.605362
2.3 -0.594631
2.332 -0.583975
2.364 -0.5734
2.396 -0.562912
2.428 -0.552515
2.46 -0.542214
2.492 -0.532015
2.524 -0.521919
2.556 -0.511932
2.588 -0.502056
2.62 -0.492294
2.652 -0.482649
2.684 -0.473124
2.716 -0.463719
2.748 -0.454438
2.78 -0.445281
2.812 -0.43625
2.844 -0.427346
2.876 -0.418571
2.908 -0.409924
2.94 -0.401407
2.972 -0.393019
3.004 -0.384762
3.036 -0.376635
3.068 -0.368639
3.1 -0.360772
3.132 -0.353036
3.164 -0.345428
3.196 -0.33795
3.228 -0.3306
3.26 -0.323378
3.292 -0.316283
3.324 -0.309314
3.356 -0.302471
3.388 -0.295751
3.42 -0.289155
3.452 -0.282681
3.484 -0.276328
3.516 -0.270095
3.548 -0.26398
3.58 -0.257983
3.612 -0.252101
3.676 -0.240681
3.74 -0.229707
3.804 -0.219169
3.868 -0.209055
3.932 -0.199353
3.996 -0.19005
4.06 -0.181134
4.124 -0.172593
4.188 -0.164415
4.252 -0.156588
4.316 -0.149099
4.38 -0.141938
4.444 -0.135091
4.508 -0.128547
4.572 -0.122296
4.636 -0.116325
4.7 -0.110625
4.764 -0.105185
4.828 -0.0999936
4.892 -0.0950419
4.956 -0.0903199
5.02 -0.085818
5.084 -0.0815272
5.148 -0.0774386
5.212 -0.0735436
5.276 -0.0698339
5.34 -0.0663016
5.404 -0.0629388
5.468 -0.0597381
5.532 -0.0566924
5.596 -0.0537947
5.66 -0.0510385
5.724 -0.0484172
5.788 -0.0459247
5.852 -0.0435553
5.916 -0.0413031
5.98 -0.0391627
6.044 -0.037129
6.108 -0.035197
6.172 -0.0333618
6.236 -0.0316188
6.3 -0.0299638
6.364 -0.0283924
6.428 -0.0269007
6.492 -0.0254848
6.556 -0.0241412
6.62 -0.0228661
6.684 -0.0216564
6.812 -0.0194202
6.94 -0.0174087
7.068 -0.0156003
7.196 -0.0139751
7.324 -0.0125152
7.452 -0.0112044
7.58 -0.010028
7.708 -0.00897244
7.836 -0.00802579
7.964 -0.00717711
8.092 -0.0064165
8.22 -0.00573505
8.348 -0.00512473
8.476 -0.00457828
8.604 -0.00408916
8.732 -0.00365149
8.86 -0.00325995
8.988 -0.00290979
9.116 -0.00259672
9.244 -0.00231687
9.372 -0.00206678
9.5 -0.00184334
9.628 -0.00164376
9.756 -0.00146553
9.884 -0.00130639
10.012 -0.00116434
10.14 -0.00103757
10.268 -0.000924452
10.396 -0.000823537
10.524 -0.000733527
10.652 -0.000653258
10.78 -0.000581688
10.908 -0.000517887
11.036 -0.000461019
11.164 -0.000410341
11.292 -0.000365185
11.42 -0.000324957
11.548 -0.000289123
11.676 -0.00025721
11.932 -0.00020349
12.188 -0.000160915
12.444 -0.000127192
12.7 -0.000100494
12.956 -7.93671e-05
13.212 -6.26574e-05
13.468 -4.94471e-05
13.724 -3.90078e-05
13.98 -3.07618e-05
14.236 -2.42507e-05
14.492 -1.91116e-05
14.748 -1.50569e-05
15.004 -1.18588e-05
15.26 -9.33728e-06
15.516 -7.34983e-06
15.772 -5.78383e-06
