0 0.1
0.1 -0.396731
0.2 -0.673598
0.3 -0.294753
0.4 0.524427
0.5 0.825838
0.6 0.582383
0.7 0.157965
0.8 -0.179302
0.9 -0.346946
1 -0.373365
1.1 -0.318875
1.2 -0.234778
1.3 -0.152282
1.4 -0.0853789
1.5 -0.0372783
1.6 -0.00589466
1.7 0.0126573
1.8 0.0222635
1.9 0.0260948
2 0.0264658
2.1 0.024942
2.2 0.0225185
2.3 0.0197918
2.4 0.0170963
2.5 0.0146022
2.6 0.0123816
2.7 0.0104515
2.8 0.00879957
2.9 0.00739967
3 0.00622095
3.1 0.00523238
3.2 0.0044052
3.3 0.00371381
3.4 0.00313609
3.5 0.00265318
3.6 0.00224919
3.7 0.00191086
3.8 0.0016271
3.9 0.00138875
4 0.00118817
4.1 0.00101905
4.2 0.000876175
4.3 0.000755208
4.4 0.000652562
4.5 0.000565261
4.6 0.000490835
4.7 0.000427231
4.8 0.000372742
4.9 0.000325945
5 0.000285655
5.1 0.000250879
5.2 0.000220789
5.3 0.000194689
5.4 0.000171996
5.5 0.000152217
5.6 0.000134939
5.7 0.000119811
5.8 0.000106537
5.9 9.4866e-05
6 8.45833e-05
6.1 7.55067e-05
6.2 6.74801e-05
6.3 6.03698e-05
6.4 5.40609e-05
6.5 4.84547e-05
6.6 4.34656e-05
6.7 3.90199e-05
6.8 3.50533e-05
6.9 3.15101e-05
7 2.83416e-05
7.1 2.55055e-05
7.2 2.29645e-05
7.3 2.06859e-05
7.4 1.86411e-05
7.5 1.68047e-05
7.6 1.51544e-05
7.7 1.36703e-05
7.8 1.23351e-05
7.9 1.11332e-05
8 1.00508e-05
8.1 9.0755e-06
8.2 8.19645e-06
8.3 7.40384e-06
8.4 6.68894e-06
8.5 6.04395e-06
8.6 5.46187e-06
8.7 4.93643e-06
8.8 4.46203e-06
8.9 4.03361e-06
9 3.64665e-06
9.1 3.29708e-06
9.2 2.98124e-06
9.3 2.69583e-06
9.4 2.43789e-06
9.5 2.20475e-06
9.6 1.994e-06
9.7 1.80348e-06
9.8 1.63123e-06
9.9 1.47548e-06
10 1.33465e-06
