0 0.2
0.001 0.169242
0.002 0.138865
0.003 0.108866
0.004 0.0792421
0.005 0.0499898
0.006 0.0211065
0.007 -0.0074111
0.008 -0.035566
0.009 -0.0633612
0.01 -0.0908002
0.011 -0.117886
0.012 -0.144622
0.013 -0.171011
0.014 -0.197057
0.015 -0.222763
0.016 -0.248132
0.017 -0.273168
0.018 -0.297874
0.019 -0.322254
0.02 -0.346311
0.021 -0.370048
0.022 -0.393469
0.023 -0.416577
0.024 -0.439376
0.025 -0.461869
0.026 -0.48406
0.027 -0.505951
0.028 -0.527548
0.029 -0.548852
0.03 -0.569868
0.031 -0.590599
0.032 -0.611048
0.033 -0.63122
0.034 -0.651116
0.036 -0.690098
0.038 -0.728023
0.04 -0.764916
0.042 -0.800805
0.044 -0.835717
0.046 -0.869678
0.048 -0.902713
0.05 -0.934849
0.052 -0.96611
0.054 -0.996522
0.056 -1.02611
0.058 -1.0549
0.06 -1.08291
0.062 -1.11016
0.064 -1.13669
0.066 -1.1625
0.068 -1.18763
0.07 -1.2121
0.072 -1.23592
0.074 -1.25911
0.076 -1.28171
0.078 -1.30372
0.08 -1.32516
0.082 -1.34606
0.084 -1.36643
0.086 -1.38629
0.088 -1.40566
0.09 -1.42455
0.092 -1.44298
0.094 -1.46097
0.096 -1.47852
0.098 -1.49567
0.1 -1.51241
0.102 -1.52877
0.104 -1.54475
0.106 -1.56038
0.108 -1.57565
0.11 -1.5906
0.112 -1.60522
0.114 -1.61953
0.116 -1.63354
0.118 -1.64726
0.12 -1.6607
0.122 -1.67387
0.124 -1.68678
0.126 -1.69944
0.128 -1.71186
0.13 -1.72404
0.132 -1.736
0.134 -1.74774
0.136 -1.75926
0.138 -1.77059
0.14 -1.78171
0.142 -1.79265
0.144 -1.8034
0.146 -1.81397
0.148 -1.82436
0.15 -1.83459
0.152 -1.84466
0.154 -1.85456
0.156 -1.86432
0.158 -1.87392
0.16 -1.88338
0.162 -1.89269
0.164 -1.90187
0.166 -1.91091
0.168 -1.91982
0.17 -1.92861
0.172 -1.93726
0.174 -1.9458
0.176 -1.95421
0.178 -1.9625
0.18 -1.97068
0.182 -1.97875
0.184 -1.9867
0.186 -1.99454
0.188 -2.00227
0.19 -2.00989
0.192 -2.01741
0.194 -2.02482
0.196 -2.03212
0.198 -2.03932
0.2 -2.04642
0.202 -2.05342
0.204 -2.06031
0.206 -2.06711
0.208 -2.0738
0.21 -2.0804
0.212 -2.08689
0.214 -2.09328
0.216 -2.09958
0.218 -2.10577
0.22 -2.11187
0.222 -2.11787
0.224 -2.12376
0.226 -2.12956
0.228 -2.13526
0.23 -2.14085
0.232 -2.14635
0.234 -2.15175
0.236 -2.15704
0.238 -2.16224
0.24 -2.16733
0.242 -2.17232
0.244 -2.17721
0.246 -2.182
0.248 -2.18668
0.25 -2.19126
0.252 -2.19574
0.254 -2.20011
0.256 -2.20437
0.258 -2.20853
0.26 -2.21258
0.262 -2.21653
0.264 -2.22037
0.266 -2.2241
0.268 -2.22773
0.27 -2.23124
0.272 -2.23465
0.274 -2.23794
0.276 -2.24113
0.28 -2.24717
0.284 -2.25277
0.288 -2.25792
0.292 -2.26261
0.296 -2.26685
0.3 -2.27064
0.304 -2.27396
0.308 -2.27683
0.312 -2.27924
0.316 -2.28118
0.32 -2.28266
0.324 -2.28367
0.328 -2.28422
0.332 -2.28431
0.336 -2.28394
0.34 -2.28311
0.344 -2.28182
0.348 -2.28007
0.352 -2.27787
0.356 -2.27522
0.36 -2.27212
0.364 -2.26857
0.368 -2.26459
0.372 -2.26017
0.376 -2.25531
0.38 -2.25003
0.384 -2.24433
0.388 -2.23822
0.392 -2.23169
0.396 -2.22476
0.4 -2.21743
0.404 -2.20971
0.408 -2.2016
0.412 -2.19312
0.416 -2.18427
0.42 -2.17505
0.424 -2.16548
0.428 -2.15556
0.432 -2.1453
0.436 -2.13471
0.44 -2.1238
0.444 -2.11256
0.448 -2.10102
0.452 -2.08918
0.456 -2.07705
0.46 -2.06464
0.464 -2.05195
0.468 -2.039
0.472 -2.02579
0.476 -2.01233
0.48 -1.99864
0.484 -1.98471
0.488 -1.97056
0.492 -1.95619
0.496 -1.94162
0.5 -1.92685
0.504 -1.91189
0.508 -1.89675
0.512 -1.88144
0.516 -1.86597
0.52 -1.85034
0.524 -1.83456
0.528 -1.81864
0.532 -1.80259
0.536 -1.78642
0.54 -1.77013
0.544 -1.75373
0.548 -1.73724
0.552 -1.72064
0.56 -1.6872
0.568 -1.65348
0.576 -1.61951
0.584 -1.58537
0.592 -1.55109
0.6 -1.51673
0.608 -1.48234
0.616 -1.44795
0.624 -1.41361
0.628 -1.39647
0.632 -1.37935
0.636 -1.36227
0.64 -1.34522
0.644 -1.32822
0.648 -1.31126
0.652 -1.29434
0.656 -1.27748
0.66 -1.26068
0.664 -1.24393
0.668 -1.22725
0.672 -1.21064
0.676 -1.19409
0.68 -1.17762
0.684 -1.16122
0.688 -1.14491
0.692 -1.12867
0.696 -1.11252
0.7 -1.09646
0.704 -1.08048
0.708 -1.0646
0.712 -1.04882
0.716 -1.03313
0.72 -1.01753
0.724 -1.00204
0.728 -0.986654
0.732 -0.971368
0.736 -0.956189
0.74 -0.941116
0.744 -0.926152
0.748 -0.911298
0.752 -0.896556
0.756 -0.881925
0.76 -0.867409
0.764 -0.853007
0.768 -0.83872
0.772 -0.82455
0.776 -0.810498
0.78 -0.796563
0.788 -0.76905
0.796 -0.742016
0.804 -0.715464
0.812 -0.689398
0.82 -0.663818
0.828 -0.638725
0.836 -0.614118
0.844 -0.589998
0.852 -0.566363
0.86 -0.54321
0.868 -0.520537
0.876 -0.49834
0.884 -0.476615
0.892 -0.455359
0.9 -0.434566
0.908 -0.414231
0.916 -0.394349
0.924 -0.374914
0.932 -0.355921
0.94 -0.337362
0.948 -0.319231
0.956 -0.301522
0.964 -0.284228
0.972 -0.267342
0.98 -0.250857
0.988 -0.234765
0.996 -0.219059
1.004 -0.203733
1.012 -0.188778
1.02 -0.174187
1.028 -0.159954
1.036 -0.14607
1.044 -0.132529
1.052 -0.119323
1.06 -0.106444
1.068 -0.0938862
1.076 -0.0816419
1.084 -0.0697041
1.092 -0.0580659
1.1 -0.0467202
1.108 -0.0356605
1.116 -0.0248799
1.124 -0.014372
1.132 -0.00413013
1.14 0.00585196
1.148 0.0155805
1.156 0.0250618
1.164 0.0343017
1.172 0.0433061
1.18 0.052081
1.188 0.0606318
1.196 0.0689642
1.204 0.0770836
1.212 0.0849953
1.22 0.0927045
1.228 0.100216
1.236 0.107535
1.244 0.114667
1.252 0.121615
1.26 0.128386
1.268 0.134982
1.276 0.141408
1.284 0.14767
1.292 0.15377
1.3 0.159713
1.308 0.165502
1.316 0.171143
1.324 0.176637
1.332 0.18199
1.34 0.187204
1.348 0.192283
1.356 0.19723
1.364 0.202049
1.372 0.206742
1.38 0.211312
1.388 0.215764
1.396 0.220099
1.404 0.22432
1.412 0.228431
1.42 0.232433
1.428 0.236329
1.436 0.240122
1.444 0.243815
1.452 0.247409
1.46 0.250907
1.468 0.254311
1.484 0.260846
1.5 0.267031
1.516 0.272882
1.532 0.278413
1.548 0.283638
1.564 0.288572
1.58 0.293225
1.596 0.297611
1.612 0.30174
1.628 0.305623
1.644 0.309271
1.66 0.312692
1.676 0.315896
1.692 0.318891
1.708 0.321686
1.724 0.324288
1.74 0.326705
1.756 0.328944
1.772 0.331012
1.788 0.332914
1.804 0.334658
1.82 0.336249
1.836 0.337692
1.852 0.338994
1.868 0.340159
1.884 0.341191
1.9 0.342097
1.916 0.34288
1.932 0.343545
1.948 0.344095
1.964 0.344536
1.98 0.34487
1.996 0.345103
2.012 0.345236
2.028 0.345274
2.044 0.34522
2.06 0.345077
2.076 0.344849
2.092 0.344538
2.108 0.344148
2.124 0.34368
2.14 0.343139
2.156 0.342527
2.172 0.341845
2.188 0.341098
2.204 0.340286
2.22 0.339413
2.236 0.338481
2.268 0.336448
2.3 0.334203
2.332 0.331763
2.364 0.329143
2.396 0.326357
2.428 0.323418
2.46 0.320339
2.492 0.317132
2.524 0.313809
2.556 0.310379
2.588 0.306854
2.62 0.303242
2.652 0.299553
2.684 0.295796
2.716 0.291977
2.748 0.288106
2.78 0.284188
2.812 0.280231
2.844 0.276242
2.876 0.272226
2.908 0.268188
2.94 0.264135
2.972 0.260071
3.004 0.256002
3.036 0.25193
3.068 0.247861
3.1 0.243798
3.132 0.239746
3.164 0.235706
3.196 0.231684
3.228 0.227681
3.26 0.2237
3.292 0.219744
3.324 0.215816
3.356 0.211917
3.388 0.208049
3.42 0.204215
3.452 0.200416
3.484 0.196654
3.516 0.19293
3.548 0.189246
3.58 0.185602
3.612 0.182
3.676 0.174925
3.74 0.168028
3.804 0.161314
3.868 0.154786
3.932 0.148448
3.996 0.142301
4.06 0.136346
4.124 0.130582
4.188 0.125008
4.252 0.119624
4.316 0.114427
4.38 0.109415
4.444 0.104584
4.508 0.0999316
4.572 0.0954542
4.636 0.0911478
4.7 0.0870086
4.764 0.0830322
4.828 0.0792145
4.892 0.075551
4.956 0.0720373
5.02 0.0686689
5.084 0.0654413
5.148 0.0623499
5.212 0.0593904
5.276 0.0565581
5.34 0.0538488
5.404 0.051258
5.468 0.0487815
5.532 0.046415
5.596 0.0441545
5.66 0.0419959
5.724 0.0399352
5.788 0.0379686
5.852 0.0360923
5.916 0.0343028
5.98 0.0325965
6.044 0.0309698
6.108 0.0294196
6.172 0.0279426
6.236 0.0265356
6.3 0.0251957
6.364 0.0239199
6.428 0.0227055
6.492 0.0215497
6.556 0.02045
6.62 0.0194038
6.684 0.0184087
6.812 0.0165627
6.94 0.0148946
7.068 0.0133882
7.196 0.0120288
7.324 0.0108028
7.452 0.0096977
7.58 0.00870225
7.708 0.00780601
7.836 0.00699951
7.964 0.00627412
8.092 0.005622
8.22 0.00503602
8.348 0.00450968
8.476 0.00403713
8.604 0.00361303
8.732 0.00323256
8.86 0.00289136
8.988 0.00258548
9.116 0.00231137
9.244 0.0020658
9.372 0.00184588
9.5 0.00164898
9.628 0.00147275
9.756 0.00131506
9.884 0.00117401
10.012 0.00104787
10.14 0.000935086
10.268 0.00083428
10.396 0.0007442
10.524 0.000663722
10.652 0.00059184
10.78 0.000527649
10.908 0.00047034
11.036 0.000419185
11.164 0.000373533
11.292 0.0003328
11.42 0.000296462
11.548 0.000264052
11.676 0.000235151
11.932 0.000186413
12.188 0.000147695
12.444 0.000116958
12.7 9.25708e-05
12.956 7.32335e-05
13.212 5.79091e-05
13.468 4.57712e-05
13.724 3.61621e-05
13.98 2.85588e-05
14.236 2.25453e-05
14.492 1.77914e-05
14.748 1.40348e-05
15.004 1.10676e-05
15.26 8.72473e-06
15.516 6.87563e-06
15.772 5.41673e-06
