0 -0.1
0.1 -0.30826
0.2 -0.362288
0.3 -0.153292
0.4 0.169313
0.5 0.301103
0.6 0.212443
0.7 0.0153274
0.8 -0.183876
0.9 -0.330716
1 -0.413548
1.1 -0.442622
1.2 -0.434614
1.3 -0.404832
1.4 -0.364625
1.5 -0.321366
1.6 -0.279337
1.7 -0.240722
1.8 -0.206402
1.9 -0.176516
2 -0.150819
2.1 -0.128892
2.2 -0.110262
2.3 -0.0944699
2.4 -0.0810911
2.5 -0.0697537
2.6 -0.0601364
2.7 -0.0519661
2.8 -0.0450125
2.9 -0.0390822
3 -0.0340134
3.1 -0.0296709
3.2 -0.0259417
3.3 -0.0227313
3.4 -0.0199607
3.5 -0.0175638
3.6 -0.0154852
3.7 -0.0136781
3.8 -0.0121035
3.9 -0.0107282
4 -0.00952423
4.1 -0.00846805
4.2 -0.00753953
4.3 -0.00672161
4.4 -0.00599973
4.5 -0.00536145
4.6 -0.00479612
4.7 -0.00429458
4.8 -0.00384895
4.9 -0.00345242
5 -0.00309911
5.1 -0.00278391
5.2 -0.00250238
5.3 -0.00225066
5.4 -0.00202535
5.5 -0.0018235
5.6 -0.00164251
5.7 -0.0014801
5.8 -0.00133425
5.9 -0.00120318
6 -0.00108533
6.1 -0.000979306
6.2 -0.000883866
6.3 -0.000797915
6.4 -0.000720477
6.5 -0.000650682
6.6 -0.000587752
6.7 -0.000530993
6.8 -0.000479786
6.9 -0.000433574
7 -0.00039186
7.1 -0.000354198
7.2 -0.000320188
7.3 -0.000289469
7.4 -0.000261719
7.5 -0.000236646
7.6 -0.000213989
7.7 -0.000193514
7.8 -0.000175007
7.9 -0.000158278
8 -0.000143154
8.1 -0.000129481
8.2 -0.000117118
8.3 -0.000105939
8.4 -9.58302e-05
8.5 -8.66881e-05
8.6 -7.84202e-05
8.7 -7.09424e-05
8.8 -6.41789e-05
8.9 -5.80613e-05
9 -5.25278e-05
9.1 -4.75223e-05
9.2 -4.29944e-05
9.3 -3.88984e-05
9.4 -3.5193e-05
9.5 -3.18408e-05
9.6 -2.88083e-05
9.7 -2.60648e-05
9.8 -2.35827e-05
9.9 -2.13371e-05
10 -1.93055e-05
