0 0.1
0.1 0.0780121
0.2 -0.00998096
0.3 -0.0963424
0.4 -0.0942116
0.5 -0.021398
0.6 0.056651
0.7 0.0998562
0.8 0.103623
0.9 0.0815059
1 0.0494151
1.1 0.0184987
1.2 -0.0057995
1.3 -0.0221565
1.4 -0.0314618
1.5 -0.0354212
1.6 -0.03577
1.7 -0.0339343
1.8 -0.0309516
1.9 -0.0275114
2 -0.0240361
2.1 -0.020761
2.2 -0.0177996
2.3 -0.0151909
2.4 -0.0129316
2.5 -0.0109964
2.6 -0.00935054
2.7 -0.00795683
2.8 -0.00677949
2.9 -0.00578599
3 -0.00494769
3.1 -0.00423989
3.2 -0.0036416
3.3 -0.00313511
3.4 -0.00270556
3.5 -0.00234052
3.6 -0.00202964
3.7 -0.00176428
3.8 -0.00153724
3.9 -0.00134251
4 -0.00117508
4.1 -0.00103078
4.2 -0.000906091
4.3 -0.000798089
4.4 -0.000704312
4.5 -0.00062269
4.6 -0.000551481
4.7 -0.000489215
4.8 -0.000434648
4.9 -0.000386726
5 -0.000344554
5.1 -0.000307368
5.2 -0.000274518
5.3 -0.000245447
5.4 -0.000219677
5.5 -0.000196796
5.6 -0.000176451
5.7 -0.000158335
5.8 -0.000142183
5.9 -0.000127765
6 -0.000114879
6.1 -0.000103352
6.2 -9.30297e-05
6.3 -8.37778e-05
6.4 -7.54787e-05
6.5 -6.80286e-05
6.6 -6.13359e-05
6.7 -5.53198e-05
6.8 -4.99087e-05
6.9 -4.50391e-05
7 -4.06547e-05
7.1 -3.67054e-05
7.2 -3.31464e-05
7.3 -2.99382e-05
7.4 -2.7045e-05
7.5 -2.44351e-05
7.6 -2.20802e-05
7.7 -1.99547e-05
7.8 -1.80359e-05
7.9 -1.63033e-05
8 -1.47385e-05
8.1 -1.33251e-05
8.2 -1.20481e-05
8.3 -1.08943e-05
8.4 -9.85156e-06
8.5 -8.90916e-06
8.6 -8.05733e-06
8.7 -7.28729e-06
8.8 -6.59113e-06
8.9 -5.9617e-06
9 -5.39257e-06
9.1 -4.87792e-06
9.2 -4.41252e-06
9.3 -3.99162e-06
9.4 -3.61096e-06
9.5 -3.26667e-06
9.6 -2.95526e-06
9.7 -2.67359e-06
9.8 -2.4188e-06
9.9 -2.18832e-06
10 -1.97983e-06
