0 -21.1808
0.001 -21.1422
0.002 -21.1026
0.003 -21.0622
0.004 -21.0209
0.005 -20.979
0.006 -20.9363
0.007 -20.893
0.008 -20.8491
0.009 -20.8048
0.01 -20.7599
0.011 -20.7146
0.012 -20.669
0.013 -20.623
0.014 -20.5767
0.015 -20.5302
0.016 -20.4835
0.017 -20.4366
0.018 -20.3896
0.019 -20.3425
0.02 -20.2953
0.021 -20.2481
0.022 -20.201
0.023 -20.1539
0.024 -20.1068
0.025 -20.0599
0.026 -20.0131
0.027 -19.9665
0.028 -19.9201
0.029 -19.8739
0.03 -19.8279
0.031 -19.7822
0.032 -19.7368
0.033 -19.6917
0.034 -19.6469
0.036 -19.5584
0.038 -19.4715
0.04 -19.3863
0.042 -19.3028
0.044 -19.2213
0.046 -19.1418
0.048 -19.0643
0.05 -18.9891
0.052 -18.9161
0.054 -18.8453
0.056 -18.777
0.058 -18.711
0.06 -18.6475
0.062 -18.5864
0.064 -18.5277
0.066 -18.4716
0.068 -18.4179
0.07 -18.3668
0.072 -18.3181
0.074 -18.2718
0.076 -18.2281
0.078 -18.1868
0.08 -18.1479
0.082 -18.1114
0.084 -18.0772
0.086 -18.0454
0.088 -18.0158
0.09 -17.9885
0.092 -17.9634
0.094 -17.9405
0.096 -17.9197
0.098 -17.901
0.1 -17.8842
0.102 -17.8695
0.104 -17.8566
0.106 -17.8456
0.108 -17.8364
0.11 -17.8289
0.112 -17.8232
0.114 -17.819
0.116 -17.8164
0.118 -17.8153
0.12 -17.8157
0.122 -17.8175
0.124 -17.8206
0.126 -17.8249
0.128 -17.8305
0.13 -17.8372
0.132 -17.845
0.134 -17.8538
0.136 -17.8636
0.138 -17.8743
0.14 -17.8859
0.142 -17.8982
0.144 -17.9113
0.146 -17.9251
0.148 -17.9395
0.15 -17.9545
0.152 -17.97
0.154 -17.9859
0.156 -18.0023
0.158 -18.019
0.16 -18.036
0.162 -18.0533
0.164 -18.0708
0.166 -18.0885
0.168 -18.1062
0.17 -18.1241
0.172 -18.1419
0.174 -18.1598
0.176 -18.1775
0.178 -18.1952
0.18 -18.2127
0.182 -18.2301
0.184 -18.2472
0.186 -18.264
0.188 -18.2806
0.19 -18.2968
0.192 -18.3126
0.194 -18.3281
0.196 -18.3431
0.198 -18.3576
0.2 -18.3717
0.202 -18.3852
0.204 -18.3981
0.206 -18.4105
0.208 -18.4223
0.21 -18.4334
0.212 -18.4439
0.214 -18.4537
0.216 -18.4628
0.218 -18.4711
0.22 -18.4788
0.222 -18.4856
0.224 -18.4917
0.226 -18.497
0.228 -18.5014
0.23 -18.505
0.232 -18.5078
0.234 -18.5097
0.236 -18.5108
0.238 -18.5109
0.24 -18.5101
0.242 -18.5085
0.244 -18.5059
0.246 -18.5024
0.248 -18.4979
0.25 -18.4925
0.252 -18.4861
0.254 -18.4788
0.256 -18.4705
0.258 -18.4612
0.26 -18.451
0.262 -18.4398
0.264 -18.4276
0.266 -18.4144
0.268 -18.4002
0.27 -18.385
0.272 -18.3688
0.274 -18.3517
0.276 -18.3336
0.28 -18.2943
0.284 -18.2511
0.288 -18.2039
0.292 -18.1529
0.296 -18.098
0.3 -18.0392
0.304 -17.9767
0.308 -17.9104
0.312 -17.8404
0.316 -17.7669
0.32 -17.6897
0.324 -17.6091
0.328 -17.525
0.332 -17.4376
0.336 -17.347
0.34 -17.2531
0.344 -17.1562
0.348 -17.0562
0.352 -16.9533
0.356 -16.8476
0.36 -16.7391
0.364 -16.628
0.368 -16.5143
0.372 -16.3981
0.376 -16.2795
0.38 -16.1586
0.384 -16.0356
0.388 -15.9104
0.392 -15.7832
0.396 -15.6541
0.4 -15.5232
0.404 -15.3906
0.408 -15.2563
0.412 -15.1204
0.416 -14.9831
0.42 -14.8444
0.424 -14.7044
0.428 -14.5632
0.432 -14.4209
0.436 -14.2776
0.44 -14.1333
0.444 -13.9881
0.448 -13.8422
0.452 -13.6955
0.456 -13.5482
0.46 -13.4003
0.464 -13.2519
0.468 -13.1031
0.472 -12.9539
0.476 -12.8044
0.48 -12.6548
0.484 -12.5049
0.488 -12.355
0.492 -12.205
0.496 -12.055
0.5 -11.9052
0.504 -11.7554
0.508 -11.6058
0.512 -11.4565
0.516 -11.3075
0.52 -11.1588
0.524 -11.0105
0.528 -10.8626
0.532 -10.7151
0.536 -10.5682
0.54 -10.4219
0.544 -10.2761
0.548 -10.131
0.552 -9.98648
0.56 -9.69964
0.568 -9.41584
0.576 -9.13531
0.584 -8.85826
0.592 -8.58487
0.6 -8.31532
0.608 -8.04974
0.616 -7.78828
0.624 -7.53105
0.628 -7.40405
0.632 -7.27814
0.636 -7.15333
0.64 -7.02964
0.644 -6.90706
0.648 -6.78561
0.652 -6.66529
0.656 -6.54611
0.66 -6.42807
0.664 -6.31118
0.668 -6.19544
0.672 -6.08085
0.676 -5.96741
0.68 -5.85514
0.684 -5.74402
0.688 -5.63406
0.692 -5.52525
0.696 -5.4176
0.7 -5.31111
0.704 -5.20577
0.708 -5.10157
0.712 -4.99853
0.716 -4.89663
0.72 -4.79587
0.724 -4.69625
0.728 -4.59776
0.732 -4.5004
0.736 -4.40416
0.74 -4.30904
0.744 -4.21502
0.748 -4.12211
0.752 -4.0303
0.756 -3.93958
0.76 -3.84994
0.764 -3.76139
0.768 -3.6739
0.772 -3.58747
0.776 -3.5021
0.78 -3.41777
0.788 -3.25222
0.796 -3.09076
0.804 -2.93332
0.812 -2.77982
0.82 -2.63019
0.828 -2.48436
0.836 -2.34225
0.844 -2.20379
0.852 -2.0689
0.86 -1.9375
0.868 -1.80952
0.876 -1.68488
0.884 -1.56351
0.892 -1.44532
0.9 -1.33025
0.908 -1.21822
0.916 -1.10915
0.924 -1.00297
0.932 -0.899616
0.94 -0.799006
0.948 -0.701073
0.956 -0.60575
0.964 -0.512968
0.972 -0.422661
0.98 -0.334763
0.988 -0.249211
0.996 -0.165942
1.004 -0.0848954
1.012 -0.00601044
1.02 0.070771
1.028 0.145506
1.036 0.21825
1.044 0.289058
1.052 0.357982
1.06 0.425074
1.068 0.490385
1.076 0.553963
1.084 0.615856
1.092 0.67611
1.1 0.73477
1.108 0.79188
1.116 0.847482
1.124 0.901618
1.132 0.954327
1.14 1.00565
1.148 1.05562
1.156 1.10428
1.164 1.15166
1.172 1.1978
1.18 1.24273
1.188 1.28648
1.196 1.32909
1.204 1.37058
1.212 1.41098
1.22 1.45033
1.228 1.48864
1.236 1.52596
1.244 1.56229
1.252 1.59768
1.26 1.63213
1.268 1.66569
1.276 1.69836
1.284 1.73017
1.292 1.76115
1.3 1.79131
1.308 1.82067
1.316 1.84926
1.324 1.87709
1.332 1.90418
1.34 1.93055
1.348 1.95621
1.356 1.98119
1.364 2.00549
1.372 2.02914
1.38 2.05215
1.388 2.07453
1.396 2.0963
1.404 2.11747
1.412 2.13806
1.42 2.15808
1.428 2.17754
1.436 2.19645
1.444 2.21483
1.452 2.23268
1.46 2.25002
1.468 2.26686
1.484 2.29909
1.5 2.32943
1.516 2.35798
1.532 2.38479
1.548 2.40994
1.564 2.4335
1.58 2.45553
1.596 2.47608
1.612 2.49521
1.628 2.51298
1.644 2.52943
1.66 2.54462
1.676 2.55859
1.692 2.57139
1.708 2.58305
1.724 2.59361
1.74 2.60312
1.756 2.61162
1.772 2.61913
1.788 2.6257
1.804 2.63135
1.82 2.63612
1.836 2.64004
1.852 2.64314
1.868 2.64544
1.884 2.64697
1.9 2.64776
1.916 2.64784
1.932 2.64723
1.948 2.64595
1.964 2.64402
1.98 2.64148
1.996 2.63834
2.012 2.63461
2.028 2.63033
2.044 2.62551
2.06 2.62018
2.076 2.61434
2.092 2.60802
2.108 2.60123
2.124 2.594
2.14 2.58633
2.156 2.57825
2.172 2.56977
2.188 2.56091
2.204 2.55167
2.22 2.54208
2.236 2.53215
2.268 2.51131
2.3 2.48927
2.332 2.46612
2.364 2.44195
2.396 2.41685
2.428 2.39091
2.46 2.3642
2.492 2.33679
2.524 2.30877
2.556 2.28019
2.588 2.25113
2.62 2.22163
2.652 2.19175
2.684 2.16155
2.716 2.13108
2.748 2.10038
2.78 2.06951
2.812 2.03849
2.844 2.00738
2.876 1.9762
2.908 1.94499
2.94 1.91379
2.972 1.88263
3.004 1.85153
3.036 1.82052
3.068 1.78963
3.1 1.75888
3.132 1.72829
3.164 1.69789
3.196 1.66768
3.228 1.63769
3.26 1.60794
3.292 1.57844
3.324 1.5492
3.356 1.52023
3.388 1.49156
3.42 1.46318
3.452 1.43511
3.484 1.40736
3.516 1.37993
3.548 1.35284
3.58 1.32608
3.612 1.29966
3.676 1.24788
3.74 1.19753
3.804 1.14862
3.868 1.10118
3.932 1.0552
3.996 1.01069
4.06 0.967646
4.124 0.926053
4.188 0.885898
4.252 0.847163
4.316 0.809826
4.38 0.773862
4.444 0.739245
4.508 0.705946
4.572 0.673934
4.636 0.643178
4.7 0.613646
4.764 0.585303
4.828 0.558116
4.892 0.53205
4.956 0.507072
5.02 0.483145
5.084 0.460236
5.148 0.438311
5.212 0.417335
5.276 0.397276
5.34 0.3781
5.404 0.359774
5.468 0.342268
5.532 0.325549
5.596 0.309588
5.66 0.294355
5.724 0.279821
5.788 0.265957
5.852 0.252737
5.916 0.240134
5.98 0.228122
6.044 0.216677
6.108 0.205773
6.172 0.19539
6.236 0.185502
6.3 0.17609
6.364 0.167132
6.428 0.158607
6.492 0.150498
6.556 0.142784
6.62 0.135448
6.684 0.128473
6.812 0.11554
6.94 0.10386
7.068 0.093319
7.196 0.0838116
7.324 0.0752416
7.452 0.0675212
7.58 0.0605698
7.708 0.054314
7.836 0.0486872
7.964 0.0436284
8.092 0.0390824
8.22 0.034999
8.348 0.0313326
8.476 0.028042
8.604 0.0250899
8.732 0.0224423
8.86 0.0200687
8.988 0.0179416
9.116 0.0160359
9.244 0.0143291
9.372 0.0128009
9.5 0.0114332
9.628 0.0102093
9.756 0.00911444
9.884 0.00813531
10.012 0.00725989
10.14 0.00647739
10.268 0.00577813
10.396 0.00515339
10.524 0.00459536
10.652 0.00409703
10.78 0.00365211
10.908 0.00325496
11.036 0.00290053
11.164 0.00258428
11.292 0.00230215
11.42 0.00205051
11.548 0.0018261
11.676 0.00162602
11.932 0.00128869
12.188 0.00102079
12.444 0.000808167
12.7 0.000639517
12.956 0.000505823
13.212 0.000399898
13.468 0.000316019
13.724 0.000249629
13.98 0.000197108
14.236 0.000155578
14.492 0.000122753
14.748 9.68191e-05
15.004 7.63382e-05
15.26 6.01699e-05
15.516 4.7411e-05
15.772 3.73461e-05
