0 1
0.001 1.00024
0.002 1.00035
0.003 1.00034
0.004 1.00022
0.005 0.999981
0.006 0.999631
0.007 0.99917
0.008 0.998604
0.009 0.997933
0.01 0.997161
0.011 0.996291
0.012 0.995324
0.013 0.994264
0.014 0.993113
0.015 0.991872
0.016 0.990545
0.017 0.989134
0.018 0.987641
0.019 0.986069
0.02 0.984419
0.021 0.982693
0.022 0.980895
0.023 0.979025
0.024 0.977086
0.025 0.97508
0.026 0.973009
0.027 0.970875
0.028 0.968679
0.029 0.966424
0.03 0.964111
0.031 0.961743
0.032 0.95932
0.033 0.956845
0.034 0.954319
0.036 0.949122
0.038 0.943741
0.04 0.938189
0.042 0.932477
0.044 0.926617
0.046 0.92062
0.048 0.914496
0.05 0.908254
0.052 0.901905
0.054 0.895458
0.056 0.88892
0.058 0.882301
0.06 0.875608
0.062 0.868849
0.064 0.862031
0.066 0.85516
0.068 0.848244
0.07 0.841288
0.072 0.834298
0.074 0.827279
0.076 0.820238
0.078 0.813179
0.08 0.806106
0.082 0.799024
0.084 0.791937
0.086 0.784849
0.088 0.777764
0.09 0.770685
0.092 0.763615
0.094 0.756557
0.096 0.749515
0.098 0.742491
0.1 0.735487
0.102 0.728505
0.104 0.721548
0.106 0.714618
0.108 0.707716
0.11 0.700844
0.112 0.694003
0.114 0.687195
0.116 0.680421
0.118 0.673682
0.12 0.66698
0.122 0.660314
0.124 0.653685
0.126 0.647095
0.128 0.640544
0.13 0.634032
0.132 0.62756
0.134 0.621128
0.136 0.614736
0.138 0.608384
0.14 0.602073
0.142 0.595802
0.144 0.589572
0.146 0.583382
0.148 0.577232
0.15 0.571122
0.152 0.565051
0.154 0.55902
0.156 0.553028
0.158 0.547075
0.16 0.541159
0.162 0.535282
0.164 0.529442
0.166 0.523639
0.168 0.517872
0.17 0.512141
0.172 0.506445
0.174 0.500784
0.176 0.495157
0.178 0.489563
0.18 0.484003
0.182 0.478474
0.184 0.472977
0.186 0.467512
0.188 0.462076
0.19 0.456671
0.192 0.451294
0.194 0.445947
0.196 0.440626
0.198 0.435334
0.2 0.430067
0.202 0.424827
0.204 0.419612
0.206 0.414422
0.208 0.409256
0.21 0.404114
0.212 0.398995
0.214 0.393898
0.216 0.388823
0.218 0.383769
0.22 0.378736
0.222 0.373724
0.224 0.368731
0.226 0.363757
0.228 0.358802
0.23 0.353865
0.232 0.348947
0.234 0.344045
0.236 0.339161
0.238 0.334293
0.24 0.329441
0.242 0.324605
0.244 0.319785
0.246 0.314979
0.248 0.310188
0.25 0.305412
0.252 0.300649
0.254 0.295901
0.256 0.291166
0.258 0.286444
0.26 0.281735
0.262 0.277039
0.264 0.272355
0.266 0.267684
0.268 0.263025
0.27 0.258378
0.272 0.253743
0.274 0.24912
0.276 0.244508
0.28 0.235319
0.284 0.226175
0.288 0.217076
0.292 0.208021
0.296 0.19901
0.3 0.190044
0.304 0.181122
0.308 0.172245
0.312 0.163413
0.316 0.154628
0.32 0.14589
0.324 0.1372
0.328 0.128559
0.332 0.119969
0.336 0.11143
0.34 0.102945
0.344 0.0945144
0.348 0.0861401
0.352 0.0778237
0.356 0.069567
0.36 0.0613717
0.364 0.0532397
0.368 0.0451728
0.372 0.0371727
0.376 0.0292415
0.38 0.0213811
0.384 0.0135932
0.388 0.00587985
0.392 -0.00175708
0.396 -0.00931571
0.4 -0.0167942
0.404 -0.0241907
0.408 -0.0315033
0.412 -0.0387304
0.416 -0.0458701
0.42 -0.0529208
0.424 -0.0598808
0.428 -0.0667485
0.432 -0.0735224
0.436 -0.0802008
0.44 -0.0867824
0.444 -0.0932658
0.448 -0.0996497
0.452 -0.105933
0.456 -0.112114
0.46 -0.118192
0.464 -0.124165
0.468 -0.130034
0.472 -0.135796
0.476 -0.141452
0.48 -0.146999
0.484 -0.152438
0.488 -0.157768
0.492 -0.162988
0.496 -0.168098
0.5 -0.173097
0.504 -0.177986
0.508 -0.182762
0.512 -0.187428
0.516 -0.191981
0.52 -0.196423
0.524 -0.200753
0.528 -0.204971
0.532 -0.209078
0.536 -0.213072
0.54 -0.216956
0.544 -0.220729
0.548 -0.22439
0.552 -0.227942
0.56 -0.234717
0.568 -0.241056
0.576 -0.246966
0.584 -0.252453
0.592 -0.257522
0.6 -0.262182
0.608 -0.26644
0.616 -0.270305
0.624 -0.273786
0.628 -0.275385
0.632 -0.276891
0.636 -0.278307
0.64 -0.279632
0.644 -0.280869
0.648 -0.282018
0.652 -0.283082
0.656 -0.28406
0.66 -0.284956
0.664 -0.285769
0.668 -0.286501
0.672 -0.287155
0.676 -0.28773
0.68 -0.288229
0.684 -0.288653
0.688 -0.289004
0.692 -0.289282
0.696 -0.289489
0.7 -0.289628
0.704 -0.289698
0.708 -0.289701
0.712 -0.28964
0.716 -0.289515
0.72 -0.289328
0.724 -0.28908
0.728 -0.288772
0.732 -0.288407
0.736 -0.287985
0.74 -0.287507
0.744 -0.286976
0.748 -0.286393
0.752 -0.285758
0.756 -0.285074
0.76 -0.284341
0.764 -0.283561
0.768 -0.282735
0.772 -0.281865
0.776 -0.280952
0.78 -0.279997
0.788 -0.277967
0.796 -0.275784
0.804 -0.273459
0.812 -0.271
0.82 -0.268418
0.828 -0.265721
0.836 -0.262917
0.844 -0.260016
0.852 -0.257025
0.86 -0.253953
0.868 -0.250806
0.876 -0.247592
0.884 -0.244319
0.892 -0.240992
0.9 -0.237619
0.908 -0.234206
0.916 -0.230757
0.924 -0.22728
0.932 -0.22378
0.94 -0.220261
0.948 -0.216728
0.956 -0.213186
0.964 -0.20964
0.972 -0.206093
0.98 -0.202549
0.988 -0.199013
0.996 -0.195487
1.004 -0.191974
1.012 -0.188479
1.02 -0.185002
1.028 -0.181548
1.036 -0.178119
1.044 -0.174716
1.052 -0.171343
1.06 -0.168
1.068 -0.16469
1.076 -0.161414
1.084 -0.158174
1.092 -0.154971
1.1 -0.151806
1.108 -0.148681
1.116 -0.145596
1.124 -0.142552
1.132 -0.13955
1.14 -0.136591
1.148 -0.133675
1.156 -0.130802
1.164 -0.127973
1.172 -0.125189
1.18 -0.122449
1.188 -0.119754
1.196 -0.117103
1.204 -0.114497
1.212 -0.111936
1.22 -0.109419
1.228 -0.106946
1.236 -0.104518
1.244 -0.102133
1.252 -0.0997919
1.26 -0.0974942
1.268 -0.0952394
1.276 -0.0930271
1.284 -0.0908569
1.292 -0.0887284
1.3 -0.086641
1.308 -0.0845943
1.316 -0.0825877
1.324 -0.0806208
1.332 -0.078693
1.34 -0.0768037
1.348 -0.0749524
1.356 -0.0731384
1.364 -0.0713613
1.372 -0.0696203
1.38 -0.067915
1.388 -0.0662446
1.396 -0.0646087
1.404 -0.0630065
1.412 -0.0614375
1.42 -0.059901
1.428 -0.0583965
1.436 -0.0569233
1.444 -0.0554809
1.452 -0.0540687
1.46 -0.052686
1.468 -0.0513322
1.484 -0.0487092
1.5 -0.0461952
1.516 -0.0437855
1.532 -0.0414758
1.548 -0.0392619
1.564 -0.0371396
1.58 -0.035105
1.596 -0.0331542
1.612 -0.0312835
1.628 -0.0294894
1.644 -0.0277683
1.66 -0.0261172
1.676 -0.0245329
1.692 -0.0230123
1.708 -0.0215526
1.724 -0.0201511
1.74 -0.0188052
1.756 -0.0175124
1.772 -0.0162704
1.788 -0.015077
1.804 -0.01393
1.82 -0.0128273
1.836 -0.0117672
1.852 -0.0107477
1.868 -0.00976715
1.884 -0.00882387
1.9 -0.00791632
1.916 -0.007043
1.932 -0.00620253
1.948 -0.00539356
1.964 -0.00461482
1.98 -0.00386512
1.996 -0.00314332
2.012 -0.00244832
2.028 -0.0017791
2.044 -0.00113468
2.06 -0.000514119
2.076 8.34606e-05
2.092 0.000658906
2.108 0.00121302
2.124 0.00174657
2.14 0.00226028
2.156 0.00275486
2.172 0.00323095
2.188 0.00368921
2.204 0.00413023
2.22 0.00455459
2.236 0.00496285
2.268 0.00573316
2.3 0.00644514
2.332 0.00710246
2.364 0.00770848
2.396 0.00826633
2.428 0.00877891
2.46 0.00924891
2.492 0.00967883
2.524 0.010071
2.556 0.0104276
2.588 0.0107508
2.62 0.0110423
2.652 0.0113041
2.684 0.0115378
2.716 0.0117451
2.748 0.0119275
2.78 0.0120863
2.812 0.012223
2.844 0.0123389
2.876 0.0124351
2.908 0.0125128
2.94 0.0125732
2.972 0.0126172
3.004 0.0126459
3.036 0.0126602
3.068 0.0126609
3.1 0.012649
3.132 0.0126253
3.164 0.0125904
3.196 0.0125452
3.228 0.0124903
3.26 0.0124265
3.292 0.0123542
3.324 0.0122741
3.356 0.0121868
3.388 0.0120929
3.42 0.0119927
3.452 0.0118869
3.484 0.0117758
3.516 0.0116599
3.548 0.0115396
3.58 0.0114154
3.612 0.0112875
3.676 0.0110223
3.74 0.0107465
3.804 0.0104626
3.868 0.0101726
3.932 0.00987833
3.996 0.00958144
4.06 0.0092834
4.124 0.00898549
4.188 0.00868883
4.252 0.00839442
4.316 0.00810313
4.38 0.00781568
4.444 0.00753273
4.508 0.00725483
4.572 0.00698243
4.636 0.00671593
4.7 0.00645563
4.764 0.00620179
4.828 0.00595462
4.892 0.00571426
4.956 0.00548081
5.02 0.00525435
5.084 0.0050349
5.148 0.00482247
5.212 0.00461702
5.276 0.00441852
5.34 0.00422688
5.404 0.00404202
5.468 0.00386383
5.532 0.00369221
5.596 0.00352701
5.66 0.00336811
5.724 0.00321535
5.788 0.00306859
5.852 0.00292766
5.916 0.00279242
5.98 0.00266269
6.044 0.00253832
6.108 0.00241913
6.172 0.00230497
6.236 0.00219566
6.3 0.00209105
6.364 0.00199097
6.428 0.00189526
6.492 0.00180377
6.556 0.00171633
6.62 0.00163281
6.684 0.00155304
6.812 0.00140421
6.94 0.00126873
7.068 0.00114553
7.196 0.00103362
7.324 0.000932067
7.452 0.000839995
7.58 0.000756593
7.708 0.000681106
7.836 0.000612837
7.964 0.00055114
8.092 0.000495423
8.22 0.000445138
8.348 0.000399784
8.476 0.000358903
8.604 0.000322075
8.732 0.000288915
8.86 0.000259074
8.988 0.000232234
9.116 0.000208103
9.244 0.000186418
9.372 0.00016694
9.5 0.000149451
9.628 0.000133755
9.756 0.000119673
9.884 0.000107045
10.012 9.5723e-05
10.14 8.55766e-05
10.268 7.64866e-05
10.396 6.83455e-05
10.524 6.10565e-05
10.652 5.45325e-05
10.78 4.86948e-05
10.908 4.34727e-05
11.036 3.88024e-05
11.164 3.46269e-05
11.292 3.08946e-05
11.42 2.75593e-05
11.548 2.45795e-05
11.676 2.19179e-05
11.932 1.7419e-05
12.188 1.38343e-05
12.444 1.09803e-05
12.7 8.70975e-06
12.956 6.90474e-06
13.212 5.47079e-06
13.468 4.33235e-06
13.724 3.42909e-06
13.98 2.71285e-06
14.236 2.14522e-06
14.492 1.69561e-06
14.748 1.33967e-06
15.004 1.05802e-06
15.26 8.35251e-07
15.516 6.59141e-07
15.772 5.19976e-07
