0 0.5
0.001 0.500487
0.002 0.500947
0.003 0.501381
0.004 0.501788
0.005 0.502169
0.006 0.502523
0.007 0.50285
0.008 0.503151
0.009 0.503426
0.01 0.503673
0.011 0.503895
0.012 0.50409
0.013 0.504258
0.014 0.5044
0.015 0.504516
0.016 0.504606
0.017 0.50467
0.018 0.504707
0.019 0.504719
0.02 0.504704
0.021 0.504664
0.022 0.504598
0.023 0.504506
0.024 0.504389
0.025 0.504247
0.026 0.504079
0.027 0.503887
0.028 0.503669
0.029 0.503426
0.03 0.503158
0.031 0.502866
0.032 0.50255
0.033 0.502209
0.034 0.501844
0.036 0.501041
0.038 0.500144
0.04 0.499153
0.042 0.498069
0.044 0.496894
0.046 0.495629
0.048 0.494275
0.05 0.492835
0.052 0.491308
0.054 0.489697
0.056 0.488003
0.058 0.486227
0.06 0.484371
0.062 0.482436
0.064 0.480424
0.066 0.478335
0.068 0.476172
0.07 0.473936
0.072 0.471628
0.074 0.46925
0.076 0.466802
0.078 0.464287
0.08 0.461706
0.082 0.45906
0.084 0.456351
0.086 0.453579
0.088 0.450746
0.09 0.447853
0.092 0.444903
0.094 0.441895
0.096 0.438832
0.098 0.435714
0.1 0.432542
0.102 0.429319
0.104 0.426045
0.106 0.422721
0.108 0.419348
0.11 0.415928
0.112 0.412462
0.114 0.40895
0.116 0.405394
0.118 0.401796
0.12 0.398155
0.122 0.394473
0.124 0.390751
0.126 0.38699
0.128 0.383191
0.13 0.379355
0.132 0.375483
0.134 0.371576
0.136 0.367635
0.138 0.363659
0.14 0.359652
0.142 0.355613
0.144 0.351542
0.146 0.347442
0.148 0.343313
0.15 0.339155
0.152 0.334969
0.154 0.330757
0.156 0.326518
0.158 0.322254
0.16 0.317965
0.162 0.313652
0.164 0.309316
0.166 0.304957
0.168 0.300575
0.17 0.296173
0.172 0.29175
0.174 0.287306
0.176 0.282843
0.178 0.278361
0.18 0.273861
0.182 0.269343
0.184 0.264807
0.186 0.260255
0.188 0.255687
0.19 0.251103
0.192 0.246504
0.194 0.241891
0.196 0.237263
0.198 0.232622
0.2 0.227967
0.202 0.2233
0.204 0.218621
0.206 0.21393
0.208 0.209227
0.21 0.204514
0.212 0.19979
0.214 0.195056
0.216 0.190313
0.218 0.18556
0.22 0.180799
0.222 0.176029
0.224 0.171251
0.226 0.166465
0.228 0.161672
0.23 0.156873
0.232 0.152066
0.234 0.147253
0.236 0.142435
0.238 0.137611
0.24 0.132782
0.242 0.127948
0.244 0.123109
0.246 0.118266
0.248 0.11342
0.25 0.108569
0.252 0.103716
0.254 0.0988593
0.256 0.0940001
0.258 0.0891386
0.26 0.084275
0.262 0.0794097
0.264 0.0745428
0.266 0.0696747
0.268 0.0648057
0.27 0.059936
0.272 0.0550658
0.274 0.0501956
0.276 0.0453255
0.28 0.0355867
0.284 0.0258514
0.288 0.0161218
0.292 0.00639964
0.296 -0.00331305
0.3 -0.0130145
0.304 -0.0227027
0.308 -0.0323761
0.312 -0.0420329
0.316 -0.0516712
0.32 -0.0612896
0.324 -0.0708863
0.328 -0.0804597
0.332 -0.0900083
0.336 -0.0995304
0.34 -0.109025
0.344 -0.11849
0.348 -0.127924
0.352 -0.137325
0.356 -0.146694
0.36 -0.156027
0.364 -0.165324
0.368 -0.174583
0.372 -0.183803
0.376 -0.192983
0.38 -0.202122
0.384 -0.211218
0.388 -0.22027
0.392 -0.229278
0.396 -0.238239
0.4 -0.247153
0.404 -0.25602
0.408 -0.264837
0.412 -0.273604
0.416 -0.28232
0.42 -0.290984
0.424 -0.299594
0.428 -0.308151
0.432 -0.316654
0.436 -0.3251
0.44 -0.333491
0.444 -0.341824
0.448 -0.350099
0.452 -0.358316
0.456 -0.366473
0.46 -0.37457
0.464 -0.382607
0.468 -0.390582
0.472 -0.398496
0.476 -0.406347
0.48 -0.414136
0.484 -0.42186
0.488 -0.429521
0.492 -0.437118
0.496 -0.444649
0.5 -0.452116
0.504 -0.459516
0.508 -0.466851
0.512 -0.474119
0.516 -0.481321
0.52 -0.488456
0.524 -0.495523
0.528 -0.502523
0.532 -0.509456
0.536 -0.51632
0.54 -0.523116
0.544 -0.529845
0.548 -0.536504
0.552 -0.543096
0.56 -0.556072
0.568 -0.568775
0.576 -0.581202
0.584 -0.593354
0.592 -0.605232
0.6 -0.616836
0.608 -0.628167
0.616 -0.639226
0.624 -0.650016
0.628 -0.655309
0.632 -0.660536
0.636 -0.665696
0.64 -0.67079
0.644 -0.675817
0.648 -0.680778
0.652 -0.685674
0.656 -0.690505
0.66 -0.69527
0.664 -0.699971
0.668 -0.704607
0.672 -0.709179
0.676 -0.713687
0.68 -0.718132
0.684 -0.722514
0.688 -0.726834
0.692 -0.731091
0.696 -0.735286
0.7 -0.739419
0.704 -0.743492
0.708 -0.747503
0.712 -0.751455
0.716 -0.755346
0.72 -0.759178
0.724 -0.762951
0.728 -0.766665
0.732 -0.770321
0.736 -0.773919
0.74 -0.77746
0.744 -0.780944
0.748 -0.784371
0.752 -0.787743
0.756 -0.791058
0.76 -0.794319
0.764 -0.797525
0.768 -0.800677
0.772 -0.803775
0.776 -0.80682
0.78 -0.809812
0.788 -0.81564
0.796 -0.821262
0.804 -0.826681
0.812 -0.831903
0.82 -0.83693
0.828 -0.841767
0.836 -0.846416
0.844 -0.850882
0.852 -0.855168
0.86 -0.859279
0.868 -0.863216
0.876 -0.866986
0.884 -0.870589
0.892 -0.874031
0.9 -0.877315
0.908 -0.880444
0.916 -0.883422
0.924 -0.886252
0.932 -0.888937
0.94 -0.89148
0.948 -0.893885
0.956 -0.896155
0.964 -0.898293
0.972 -0.900302
0.98 -0.902185
0.988 -0.903945
0.996 -0.905585
1.004 -0.907108
1.012 -0.908516
1.02 -0.909812
1.028 -0.910999
1.036 -0.912079
1.044 -0.913056
1.052 -0.913931
1.06 -0.914707
1.068 -0.915387
1.076 -0.915972
1.084 -0.916466
1.092 -0.91687
1.1 -0.917186
1.108 -0.917417
1.116 -0.917564
1.124 -0.917631
1.132 -0.917618
1.14 -0.917528
1.148 -0.917363
1.156 -0.917124
1.164 -0.916814
1.172 -0.916434
1.18 -0.915986
1.188 -0.915471
1.196 -0.914892
1.204 -0.914249
1.212 -0.913545
1.22 -0.912781
1.228 -0.911958
1.236 -0.911078
1.244 -0.910143
1.252 -0.909153
1.26 -0.90811
1.268 -0.907016
1.276 -0.905872
1.284 -0.904678
1.292 -0.903437
1.3 -0.902149
1.308 -0.900816
1.316 -0.899438
1.324 -0.898017
1.332 -0.896555
1.34 -0.895051
1.348 -0.893507
1.356 -0.891925
1.364 -0.890304
1.372 -0.888647
1.38 -0.886953
1.388 -0.885225
1.396 -0.883462
1.404 -0.881666
1.412 -0.879837
1.42 -0.877977
1.428 -0.876086
1.436 -0.874164
1.444 -0.872214
1.452 -0.870235
1.46 -0.868229
1.468 -0.866195
1.484 -0.86205
1.5 -0.857805
1.516 -0.853466
1.532 -0.849038
1.548 -0.844525
1.564 -0.839932
1.58 -0.835264
1.596 -0.830525
1.612 -0.825719
1.628 -0.82085
1.644 -0.815922
1.66 -0.810938
1.676 -0.805902
1.692 -0.800816
1.708 -0.795685
1.724 -0.790512
1.74 -0.785299
1.756 -0.780049
1.772 -0.774765
1.788 -0.76945
1.804 -0.764106
1.82 -0.758735
1.836 -0.753341
1.852 -0.747925
1.868 -0.742489
1.884 -0.737036
1.9 -0.731568
1.916 -0.726086
1.932 -0.720593
1.948 -0.71509
1.964 -0.70958
1.98 -0.704063
1.996 -0.698542
2.012 -0.693019
2.028 -0.687494
2.044 -0.681969
2.06 -0.676446
2.076 -0.670926
2.092 -0.66541
2.108 -0.6599
2.124 -0.654397
2.14 -0.648901
2.156 -0.643416
2.172 -0.63794
2.188 -0.632476
2.204 -0.627025
2.22 -0.621587
2.236 -0.616164
2.268 -0.605364
2.3 -0.594632
2.332 -0.583976
2.364 -0.573401
2.396 -0.562912
2.428 -0.552516
2.46 -0.542215
2.492 -0.532015
2.524 -0.52192
2.556 -0.511932
2.588 -0.502056
2.62 -0.492294
2.652 -0.482649
2.684 -0.473124
2.716 -0.463719
2.748 -0.454438
2.78 -0.445281
2.812 -0.43625
2.844 -0.427346
2.876 -0.418571
2.908 -0.409924
2.94 -0.401407
2.972 -0.39302
3.004 -0.384762
3.036 -0.376635
3.068 -0.368639
3.1 -0.360772
3.132 -0.353036
3.164 -0.345428
3.196 -0.33795
3.228 -0.3306
3.26 -0.323378
3.292 -0.316283
3.324 -0.309314
3.356 -0.302471
3.388 -0.295751
3.42 -0.289155
3.452 -0.282681
3.484 -0.276328
3.516 -0.270095
3.548 -0.26398
3.58 -0.257983
3.612 -0.252101
3.676 -0.240681
3.74 -0.229707
3.804 -0.219169
3.868 -0.209055
3.932 -0.199353
3.996 -0.19005
4.06 -0.181134
4.124 -0.172593
4.188 -0.164415
4.252 -0.156588
4.316 -0.149099
4.38 -0.141938
4.444 -0.135091
4.508 -0.128547
4.572 -0.122296
4.636 -0.116325
4.7 -0.110625
4.764 -0.105185
4.828 -0.0999936
4.892 -0.0950419
4.956 -0.0903199
5.02 -0.085818
5.084 -0.0815272
5.148 -0.0774386
5.212 -0.0735436
5.276 -0.0698339
5.34 -0.0663016
5.404 -0.0629388
5.468 -0.0597381
5.532 -0.0566924
5.596 -0.0537947
5.66 -0.0510385
5.724 -0.0484172
5.788 -0.0459247
5.852 -0.0435553
5.916 -0.0413031
5.98 -0.0391627
6.044 -0.037129
6.108 -0.035197
6.172 -0.0333618
6.236 -0.0316188
6.3 -0.0299638
6.364 -0.0283924
6.428 -0.0269007
6.492 -0.0254848
6.556 -0.0241412
6.62 -0.0228661
6.684 -0.0216564
6.812 -0.0194202
6.94 -0.0174087
7.068 -0.0156003
7.196 -0.0139751
7.324 -0.0125152
7.452 -0.0112044
7.58 -0.010028
7.708 -0.00897244
7.836 -0.00802579
7.964 -0.00717711
8.092 -0.0064165
8.22 -0.00573505
8.348 -0.00512473
8.476 -0.00457828
8.604 -0.00408916
8.732 -0.00365149
8.86 -0.00325995
8.988 -0.00290979
9.116 -0.00259672
9.244 -0.00231687
9.372 -0.00206678
9.5 -0.00184334
9.628 -0.00164376
9.756 -0.00146553
9.884 -0.00130639
10.012 -0.00116434
10.14 -0.00103757
10.268 -0.000924452
10.396 -0.000823537
10.524 -0.000733527
10.652 -0.000653258
10.78 -0.000581688
10.908 -0.000517887
11.036 -0.000461019
11.164 -0.000410341
11.292 -0.000365185
11.42 -0.000324957
11.548 -0.000289123
11.676 -0.00025721
11.932 -0.00020349
12.188 -0.000160915
12.444 -0.000127192
12.7 -0.000100494
12.956 -7.93671e-05
13.212 -6.26574e-05
13.468 -4.94471e-05
13.724 -3.90078e-05
13.98 -3.07618e-05
14.236 -2.42507e-05
14.492 -1.91116e-05
14.748 -1.50569e-05
15.004 -1.18588e-05
15.26 -9.33728e-06
15.516 -7.34983e-06
15.772 -5.78383e-06
