0 -3.23513
0.1 -2.98414
0.2 -0.280862
0.3 2.64834
0.4 2.85511
0.5 1.24712
0.6 -0.724562
0.7 -2.26207
0.8 -3.16336
0.9 -3.52068
1 -3.50774
1.1 -3.28191
1.2 -2.95606
1.3 -2.60071
1.4 -2.25526
1.5 -1.9389
1.6 -1.65892
1.7 -1.41613
1.8 -1.20812
1.9 -1.03115
2 -0.881165
2.1 -0.754261
2.2 -0.64692
2.3 -0.556071
2.4 -0.479085
2.5 -0.41374
2.6 -0.358168
2.7 -0.310807
2.8 -0.270353
2.9 -0.235716
3 -0.205988
3.1 -0.180411
3.2 -0.15835
3.3 -0.139275
3.4 -0.122742
3.5 -0.108376
3.6 -0.0958639
3.7 -0.0849411
3.8 -0.075384
3.9 -0.0670035
4 -0.0596393
4.1 -0.053155
4.2 -0.0474344
4.3 -0.0423782
4.4 -0.0379015
4.5 -0.0339312
4.6 -0.0304046
4.7 -0.0272676
4.8 -0.0244733
4.9 -0.0219811
5 -0.0197556
5.1 -0.0177661
5.2 -0.0159858
5.3 -0.0143912
5.4 -0.0129616
5.5 -0.011679
5.6 -0.0105273
5.7 -0.00949251
5.8 -0.00856218
5.9 -0.00772528
6 -0.00697203
6.1 -0.00629373
6.2 -0.00568268
6.3 -0.00513197
6.4 -0.00463547
6.5 -0.00418769
6.6 -0.00378372
6.7 -0.00341919
6.8 -0.00309016
6.9 -0.0027931
7 -0.00252485
7.1 -0.00228258
7.2 -0.00206372
7.3 -0.00186599
7.4 -0.00168731
7.5 -0.00152584
7.6 -0.0013799
7.7 -0.00124798
7.8 -0.00112873
7.9 -0.00102091
8 -0.000923427
8.1 -0.00083528
8.2 -0.00075557
8.3 -0.000683486
8.4 -0.000618295
8.5 -0.000559335
8.6 -0.000506007
8.7 -0.000457772
8.8 -0.000414143
8.9 -0.000374677
9 -0.000338977
9.1 -0.000306682
9.2 -0.000277468
9.3 -0.000251038
9.4 -0.000227129
9.5 -0.000205498
9.6 -0.000185929
9.7 -0.000168224
9.8 -0.000152207
9.9 -0.000137715
10 -0.000124603
