0 0.5
0.001 0.500009
0.003 0.50002
0.007 0.500014
0.011 0.499972
0.015 0.499897
0.019 0.499789
0.023 0.499649
0.027 0.499479
0.031 0.499279
0.035 0.499051
0.039 0.498795
0.043 0.498512
0.047 0.498204
0.051 0.497871
0.055 0.497514
0.059 0.497134
0.063 0.496732
0.067 0.496308
0.071 0.495863
0.075 0.495398
0.079 0.494913
0.083 0.49441
0.087 0.493888
0.091 0.493348
0.095 0.492791
0.099 0.492218
0.103 0.491629
0.107 0.491024
0.111 0.490404
0.115 0.48977
0.119 0.489121
0.123 0.488459
0.127 0.487783
0.131 0.487095
0.135 0.486394
0.139 0.485682
0.143 0.484957
0.147 0.484221
0.151 0.483475
0.155 0.482717
0.159 0.48195
0.163 0.481172
0.167 0.480385
0.171 0.479588
0.175 0.478782
0.179 0.477968
0.183 0.477144
0.187 0.476313
0.191 0.475473
0.195 0.474626
0.199 0.473771
0.203 0.472908
0.207 0.472038
0.211 0.471162
0.215 0.470278
0.219 0.469388
0.223 0.468492
0.227 0.46759
0.231 0.466681
0.235 0.465767
0.239 0.464847
0.243 0.463922
0.247 0.462991
0.251 0.462055
0.255 0.461114
0.259 0.460169
0.263 0.459218
0.267 0.458263
0.271 0.457304
0.275 0.45634
0.279 0.455372
0.283 0.4544
0.287 0.453425
0.291 0.452445
0.295 0.451462
0.303 0.449484
0.311 0.447494
0.319 0.445491
0.327 0.443476
0.335 0.441449
0.343 0.439413
0.351 0.437367
0.359 0.435312
0.367 0.433249
0.375 0.431178
0.383 0.4291
0.391 0.427016
0.399 0.424925
0.407 0.422829
0.415 0.420728
0.423 0.418622
0.431 0.416513
0.439 0.414399
0.447 0.412283
0.455 0.410163
0.463 0.408041
0.471 0.405918
0.479 0.403792
0.487 0.401665
0.495 0.399538
0.503 0.397409
0.511 0.395281
0.519 0.393152
0.527 0.391024
0.535 0.388896
0.543 0.386769
0.559 0.382519
0.575 0.378276
0.591 0.374041
0.607 0.369817
0.623 0.365606
0.639 0.361408
0.655 0.357225
0.671 0.35306
0.687 0.348913
0.703 0.344785
0.719 0.340678
0.735 0.336593
0.751 0.332531
0.767 0.328492
0.783 0.324479
0.799 0.320491
0.815 0.31653
0.831 0.312596
0.847 0.308689
0.863 0.304812
0.879 0.300964
0.895 0.297145
0.911 0.293357
0.927 0.2896
0.943 0.285874
0.959 0.28218
0.975 0.278517
0.991 0.274887
1.007 0.27129
1.023 0.267726
1.039 0.264194
1.055 0.260696
1.071 0.257232
1.087 0.253802
1.103 0.250405
1.119 0.247043
1.135 0.243714
1.151 0.24042
1.167 0.237159
1.183 0.233933
1.215 0.227584
1.247 0.221372
1.279 0.215296
1.311 0.209356
1.343 0.20355
1.375 0.197879
1.407 0.19234
1.439 0.186933
1.471 0.181656
1.503 0.176507
1.535 0.171485
1.567 0.166588
1.599 0.161814
1.631 0.157161
1.663 0.152627
1.695 0.14821
1.727 0.143908
1.759 0.139718
1.791 0.13564
1.823 0.13167
1.855 0.127806
1.887 0.124046
1.919 0.120389
1.951 0.116831
1.983 0.113371
2.015 0.110006
2.047 0.106734
2.079 0.103553
2.111 0.100462
2.143 0.0974569
2.175 0.0945368
2.207 0.0916995
2.239 0.0889429
2.303 0.0836636
2.367 0.0786835
2.431 0.0739873
2.495 0.0695604
2.559 0.0653887
2.623 0.0614587
2.687 0.0577575
2.751 0.0542727
2.815 0.0509923
2.879 0.0479053
2.943 0.0450007
3.007 0.0422683
3.071 0.0396984
3.135 0.0372818
3.199 0.0350096
3.263 0.0328736
3.327 0.0308659
3.391 0.028979
3.455 0.0272059
3.519 0.0255399
3.583 0.0239747
3.647 0.0225044
3.711 0.0211233
3.775 0.0198261
3.839 0.0186078
3.903 0.0174638
3.967 0.0163896
4.031 0.0153809
4.095 0.0144339
4.159 0.0135448
4.223 0.0127101
4.287 0.0119266
4.351 0.0111911
4.415 0.0105008
4.479 0.0098528
4.543 0.00924463
4.607 0.00867385
4.671 0.00813818
4.735 0.00763546
4.799 0.0071637
4.863 0.00672099
4.927 0.00630555
4.991 0.00591573
5.055 0.00554994
5.183 0.00488466
5.311 0.00429897
5.439 0.00378338
5.567 0.00332953
5.695 0.00293005
5.823 0.00257844
5.951 0.00226898
6.079 0.00199662
6.207 0.00175693
6.335 0.001546
6.463 0.00136037
6.591 0.00119702
6.719 0.00105327
6.847 0.000926779
6.975 0.000815473
7.103 0.000717529
7.231 0.000631346
7.359 0.000555512
7.487 0.000488785
7.615 0.000430071
7.743 0.000378408
7.871 0.000332951
7.999 0.000292954
8.127 0.000257761
8.255 0.000226795
8.383 0.000199549
8.511 0.000175576
8.639 0.000154482
8.895 0.000119595
9.151 9.25855e-05
9.407 7.16758e-05
9.663 5.54883e-05
9.919 4.29566e-05
10.175 3.3255e-05
