0 1
0.001 1.00028
0.003 1.00072
0.005 1.00099
0.007 1.00111
0.009 1.00107
0.011 1.00087
0.013 1.00052
0.015 1.00002
0.017 0.999364
0.019 0.998559
0.021 0.997606
0.023 0.996505
0.025 0.995258
0.027 0.993867
0.029 0.992332
0.031 0.990654
0.033 0.988834
0.035 0.986874
0.037 0.984774
0.039 0.982535
0.041 0.980159
0.043 0.977645
0.045 0.974996
0.047 0.972212
0.049 0.969293
0.051 0.966241
0.053 0.963056
0.055 0.95974
0.057 0.956292
0.059 0.952714
0.061 0.949007
0.063 0.945171
0.065 0.941207
0.067 0.937116
0.069 0.932899
0.071 0.928557
0.073 0.92409
0.075 0.919499
0.077 0.914786
0.079 0.909951
0.081 0.904995
0.083 0.899918
0.085 0.894723
0.087 0.88941
0.089 0.88398
0.091 0.878434
0.093 0.872773
0.095 0.866998
0.097 0.861111
0.099 0.855112
0.101 0.849004
0.103 0.842787
0.105 0.836462
0.107 0.830031
0.109 0.823496
0.111 0.816857
0.113 0.810117
0.115 0.803276
0.117 0.796338
0.119 0.789302
0.121 0.782171
0.123 0.774947
0.125 0.767631
0.127 0.760225
0.129 0.752732
0.131 0.745152
0.133 0.737489
0.135 0.729743
0.137 0.721918
0.139 0.714015
0.141 0.706036
0.143 0.697983
0.145 0.68986
0.147 0.681668
0.149 0.673408
0.151 0.665085
0.153 0.6567
0.155 0.648255
0.157 0.639753
0.159 0.631196
0.161 0.622588
0.163 0.613929
0.165 0.605224
0.167 0.596474
0.169 0.587682
0.171 0.57885
0.173 0.569982
0.175 0.561079
0.177 0.552145
0.179 0.543182
0.181 0.534192
0.183 0.525178
0.185 0.516143
0.187 0.50709
0.189 0.49802
0.191 0.488937
0.193 0.479843
0.195 0.47074
0.197 0.461631
0.199 0.452519
0.201 0.443406
0.203 0.434295
0.205 0.425187
0.207 0.416085
0.209 0.406992
0.211 0.39791
0.213 0.388841
0.215 0.379788
0.217 0.370752
0.219 0.361736
0.221 0.352741
0.223 0.343771
0.225 0.334826
0.227 0.32591
0.229 0.317023
0.231 0.308168
0.233 0.299346
0.235 0.29056
0.237 0.281811
0.239 0.273101
0.241 0.264431
0.243 0.255802
0.245 0.247218
0.247 0.238678
0.249 0.230184
0.251 0.221739
0.253 0.213342
0.255 0.204995
0.257 0.1967
0.259 0.188458
0.261 0.180269
0.263 0.172135
0.265 0.164057
0.267 0.156036
0.269 0.148072
0.271 0.140167
0.273 0.132321
0.275 0.124536
0.277 0.116811
0.279 0.109148
0.281 0.101546
0.283 0.0940081
0.285 0.086533
0.287 0.0791218
0.289 0.0717748
0.291 0.0644925
0.293 0.0572753
0.295 0.0501236
0.297 0.0430377
0.299 0.0360179
0.301 0.0290643
0.303 0.0221774
0.305 0.0153571
0.307 0.00860372
0.309 0.00191736
0.311 -0.00470189
0.313 -0.011254
0.315 -0.0177388
0.317 -0.0241564
0.319 -0.0305068
0.321 -0.0367899
0.323 -0.0430059
0.325 -0.0491549
0.327 -0.0552368
0.329 -0.0612519
0.331 -0.0672003
0.333 -0.0730822
0.335 -0.0788976
0.337 -0.0846468
0.339 -0.0903301
0.341 -0.0959475
0.345 -0.106986
0.349 -0.117765
0.353 -0.128286
0.357 -0.138551
0.361 -0.148564
0.365 -0.158327
0.369 -0.167843
0.373 -0.177115
0.377 -0.186146
0.381 -0.194939
0.385 -0.203498
0.389 -0.211826
0.393 -0.219926
0.397 -0.227801
0.401 -0.235456
0.405 -0.242894
0.409 -0.250117
0.413 -0.25713
0.417 -0.263935
0.421 -0.270538
0.425 -0.27694
0.429 -0.283145
0.433 -0.289158
0.437 -0.29498
0.445 -0.30607
0.453 -0.31644
0.461 -0.326118
0.469 -0.335128
0.477 -0.343496
0.485 -0.351246
0.493 -0.358402
0.497 -0.361765
0.501 -0.364987
0.505 -0.368072
0.513 -0.37384
0.521 -0.379092
0.529 -0.383847
0.537 -0.388126
0.545 -0.391946
0.553 -0.395328
0.561 -0.39829
0.569 -0.400847
0.577 -0.403019
0.585 -0.40482
0.593 -0.406267
0.601 -0.407374
0.609 -0.408158
0.617 -0.408632
0.625 -0.40881
0.633 -0.408705
0.641 -0.408332
0.649 -0.407702
0.657 -0.406828
0.665 -0.405721
0.673 -0.404394
0.681 -0.402857
0.689 -0.401122
0.697 -0.399199
0.705 -0.397099
0.713 -0.39483
0.721 -0.392404
0.729 -0.389829
0.737 -0.387114
0.745 -0.384268
0.753 -0.3813
0.761 -0.378217
0.769 -0.375028
0.777 -0.371741
0.785 -0.368362
0.793 -0.364899
0.801 -0.361358
0.809 -0.357747
0.817 -0.354072
0.825 -0.350338
0.833 -0.346552
0.841 -0.34272
0.849 -0.338846
0.857 -0.334936
0.865 -0.330995
0.873 -0.327028
0.881 -0.323039
0.889 -0.319032
0.897 -0.315012
0.905 -0.310982
0.913 -0.306947
0.921 -0.302909
0.929 -0.298872
0.937 -0.29484
0.945 -0.290814
0.953 -0.286799
0.961 -0.282795
0.969 -0.278807
0.977 -0.274837
0.985 -0.270885
0.993 -0.266956
1.001 -0.263049
1.009 -0.259168
1.017 -0.255313
1.025 -0.251486
1.033 -0.24769
1.041 -0.243923
1.049 -0.240189
1.057 -0.236488
1.065 -0.232821
1.073 -0.229188
1.081 -0.225592
1.089 -0.222031
1.097 -0.218507
1.105 -0.215021
1.113 -0.211572
1.121 -0.208162
1.129 -0.20479
1.137 -0.201457
1.145 -0.198163
1.153 -0.194908
1.161 -0.191692
1.169 -0.188516
1.177 -0.185379
1.185 -0.182281
1.193 -0.179222
1.201 -0.176203
1.209 -0.173222
1.217 -0.17028
1.225 -0.167377
1.233 -0.164512
1.241 -0.161686
1.249 -0.158897
1.257 -0.156146
1.265 -0.153432
1.273 -0.150755
1.281 -0.148115
1.289 -0.145512
1.297 -0.142944
1.305 -0.140412
1.313 -0.137915
1.321 -0.135453
1.329 -0.133025
1.337 -0.130631
1.345 -0.128272
1.353 -0.125945
1.361 -0.123651
1.369 -0.12139
1.377 -0.119161
1.385 -0.116964
1.393 -0.114797
1.401 -0.112662
1.409 -0.110557
1.417 -0.108482
1.425 -0.106437
1.433 -0.104421
1.441 -0.102433
1.449 -0.100475
1.457 -0.0985438
1.465 -0.0966406
1.473 -0.0947647
1.481 -0.0929156
1.489 -0.0910929
1.497 -0.0892964
1.505 -0.0875256
1.513 -0.0857802
1.521 -0.0840597
1.529 -0.0823639
1.537 -0.0806924
1.545 -0.0790448
1.553 -0.0774207
1.561 -0.07582
1.569 -0.0742421
1.577 -0.0726868
1.593 -0.0696426
1.609 -0.066685
1.625 -0.0638112
1.641 -0.0610191
1.657 -0.0583063
1.673 -0.0556704
1.689 -0.0531095
1.705 -0.0506212
1.721 -0.0482037
1.737 -0.0458549
1.753 -0.0435729
1.769 -0.0413559
1.785 -0.0392021
1.801 -0.0371098
1.817 -0.0350773
1.833 -0.033103
1.849 -0.0311854
1.865 -0.0293228
1.881 -0.027514
1.897 -0.0257573
1.913 -0.0240515
1.929 -0.0223953
1.945 -0.0207873
1.961 -0.0192263
1.977 -0.0177111
1.993 -0.0162404
2.009 -0.0148132
2.025 -0.0134284
2.057 -0.0107815
2.089 -0.00829136
2.121 -0.00595025
2.153 -0.00375077
2.185 -0.00168591
2.217 0.000250973
2.249 0.00206616
2.281 0.00376565
2.313 0.00535511
2.345 0.00683996
2.377 0.00822535
2.409 0.00951618
2.441 0.0107171
2.473 0.0118327
2.505 0.012867
2.537 0.0138242
2.569 0.0147082
2.601 0.0155227
2.633 0.0162711
2.665 0.0169569
2.697 0.0175833
2.729 0.0181533
2.761 0.0186699
2.793 0.019136
2.825 0.0195541
2.857 0.0199268
2.889 0.0202566
2.921 0.0205459
2.953 0.0207968
2.985 0.0210115
3.017 0.021192
3.049 0.0213403
3.081 0.0214582
3.113 0.0215475
3.145 0.0216099
3.177 0.0216469
3.209 0.0216602
3.241 0.0216511
3.273 0.0216211
3.305 0.0215715
3.337 0.0215035
3.369 0.0214185
3.401 0.0213174
3.433 0.0212015
3.465 0.0210717
3.497 0.020929
3.529 0.0207745
3.561 0.0206089
3.593 0.0204331
3.625 0.0202479
3.657 0.0200541
3.689 0.0198525
3.721 0.0196437
3.753 0.0194283
3.785 0.019207
3.817 0.0189803
3.849 0.0187489
3.881 0.0185133
3.913 0.0182739
3.945 0.0180312
3.977 0.0177857
4.009 0.0175377
4.041 0.0172878
4.073 0.0170362
4.105 0.0167832
4.169 0.0162749
4.233 0.015765
4.297 0.0152559
4.361 0.0147493
4.425 0.0142468
4.489 0.0137501
4.553 0.0132601
4.617 0.0127781
4.681 0.0123049
4.745 0.0118413
4.809 0.0113879
4.873 0.0109452
4.937 0.0105136
5.001 0.0100935
5.065 0.00968512
5.129 0.00928856
5.193 0.00890396
5.257 0.00853135
5.321 0.00817073
5.385 0.00782203
5.449 0.00748518
5.513 0.00716004
5.577 0.00684644
5.641 0.00654422
5.705 0.00625315
5.769 0.00597303
5.833 0.00570361
5.897 0.00544464
5.961 0.00519586
6.025 0.00495701
6.089 0.0047278
6.153 0.00450796
6.217 0.00429721
6.281 0.00409527
6.345 0.00390185
6.409 0.00371668
6.473 0.00353947
6.537 0.00336994
6.601 0.00320784
6.665 0.00305288
6.729 0.00290481
6.793 0.00276336
6.857 0.00262829
6.921 0.00249934
6.985 0.00237628
7.049 0.00225888
7.113 0.0021469
7.177 0.00204012
7.241 0.00193833
7.305 0.00184132
7.369 0.00174889
7.433 0.00166084
7.497 0.00157699
7.561 0.00149715
7.625 0.00142115
7.689 0.00134882
7.753 0.00127999
7.817 0.00121452
7.881 0.00115224
8.009 0.00103671
8.137 0.000932308
8.265 0.000838029
8.393 0.000752946
8.521 0.00067621
8.649 0.000607045
8.777 0.000544739
8.905 0.000488641
9.033 0.00043816
9.161 0.000392756
9.289 0.000351937
9.417 0.000315257
9.545 0.000282311
9.673 0.00025273
9.801 0.000226183
9.929 0.000202366
10.057 0.000181008
10.185 0.00016186
10.313 0.000144701
10.441 0.000129328
10.569 0.000115561
10.697 0.000103235
10.825 9.22024e-05
10.953 8.23309e-05
11.081 7.35004e-05
11.209 6.56034e-05
11.337 5.8543e-05
11.465 5.22321e-05
11.593 4.65927e-05
11.721 4.15543e-05
11.849 3.70541e-05
11.977 3.30354e-05
12.105 2.94475e-05
12.233 2.62449e-05
12.361 2.33867e-05
12.489 2.08365e-05
12.745 1.65325e-05
13.001 1.31098e-05
13.257 1.03898e-05
13.513 8.22973e-06
13.769 6.5154e-06
14.025 5.15565e-06
14.281 4.07776e-06
14.537 3.22377e-06
14.793 2.54753e-06
15.049 2.01231e-06
15.305 1.5889e-06
15.561 1.25411e-06
15.817 9.89488e-07
