0 0.5
0.001 0.500484
0.003 0.501353
0.005 0.502093
0.007 0.502703
0.009 0.503184
0.011 0.503537
0.013 0.503763
0.015 0.503863
0.017 0.503836
0.019 0.503684
0.021 0.503408
0.023 0.503007
0.025 0.502483
0.027 0.501837
0.029 0.501069
0.031 0.50018
0.033 0.499171
0.035 0.498042
0.037 0.496795
0.039 0.49543
0.041 0.493948
0.043 0.492349
0.045 0.490635
0.047 0.488807
0.049 0.486865
0.051 0.484811
0.053 0.482644
0.055 0.480366
0.057 0.477979
0.059 0.475482
0.061 0.472878
0.063 0.470166
0.065 0.467348
0.067 0.464425
0.069 0.461398
0.071 0.458267
0.073 0.455035
0.075 0.451702
0.077 0.448268
0.079 0.444736
0.081 0.441107
0.083 0.437381
0.085 0.433559
0.087 0.429643
0.089 0.425634
0.091 0.421533
0.093 0.417342
0.095 0.41306
0.097 0.408691
0.099 0.404235
0.101 0.399692
0.103 0.395065
0.105 0.390355
0.107 0.385563
0.109 0.38069
0.111 0.375737
0.113 0.370707
0.115 0.365599
0.117 0.360416
0.119 0.355159
0.121 0.349829
0.123 0.344427
0.125 0.338955
0.127 0.333414
0.129 0.327806
0.131 0.322131
0.133 0.316392
0.135 0.31059
0.137 0.304725
0.139 0.298799
0.141 0.292815
0.143 0.286772
0.145 0.280672
0.147 0.274518
0.149 0.268309
0.151 0.262048
0.153 0.255735
0.155 0.249373
0.157 0.242962
0.159 0.236504
0.161 0.230001
0.163 0.223452
0.165 0.216861
0.167 0.210227
0.169 0.203553
0.171 0.196839
0.173 0.190088
0.175 0.183299
0.177 0.176476
0.179 0.169617
0.181 0.162726
0.183 0.155803
0.185 0.148849
0.187 0.141866
0.189 0.134855
0.191 0.127816
0.193 0.120752
0.195 0.113663
0.197 0.10655
0.199 0.0994144
0.201 0.0922574
0.203 0.08508
0.205 0.0778833
0.207 0.0706682
0.209 0.0634359
0.211 0.0561872
0.213 0.0489233
0.215 0.0416451
0.217 0.0343535
0.219 0.0270495
0.221 0.0197339
0.223 0.0124078
0.225 0.00507199
0.227 -0.00227267
0.229 -0.00962532
0.231 -0.0169851
0.233 -0.0243513
0.235 -0.0317229
0.237 -0.0390993
0.239 -0.0464797
0.241 -0.0538634
0.243 -0.0612495
0.245 -0.0686374
0.247 -0.0760264
0.249 -0.0834158
0.251 -0.090805
0.253 -0.0981932
0.255 -0.10558
0.257 -0.112964
0.259 -0.120346
0.261 -0.127724
0.263 -0.135099
0.265 -0.142469
0.267 -0.149833
0.269 -0.157193
0.271 -0.164546
0.273 -0.171892
0.275 -0.179232
0.277 -0.186564
0.279 -0.193887
0.281 -0.201203
0.283 -0.208509
0.285 -0.215806
0.287 -0.223093
0.289 -0.23037
0.291 -0.237636
0.293 -0.244891
0.295 -0.252135
0.297 -0.259368
0.299 -0.266588
0.301 -0.273795
0.303 -0.28099
0.305 -0.288172
0.307 -0.295341
0.309 -0.302496
0.311 -0.309636
0.313 -0.316763
0.315 -0.323875
0.317 -0.330972
0.319 -0.338054
0.321 -0.34512
0.323 -0.352171
0.325 -0.359206
0.327 -0.366225
0.329 -0.373227
0.331 -0.380213
0.333 -0.387182
0.335 -0.394135
0.337 -0.40107
0.339 -0.407987
0.341 -0.414887
0.345 -0.428634
0.349 -0.442307
0.353 -0.455907
0.357 -0.469432
0.361 -0.48288
0.365 -0.496251
0.369 -0.509543
0.373 -0.522755
0.377 -0.535886
0.381 -0.548936
0.385 -0.561904
0.389 -0.574788
0.393 -0.587589
0.397 -0.600304
0.401 -0.612935
0.405 -0.625479
0.409 -0.637937
0.413 -0.650307
0.417 -0.66259
0.421 -0.674785
0.425 -0.686891
0.429 -0.698908
0.433 -0.710836
0.437 -0.722674
0.445 -0.746079
0.453 -0.769121
0.461 -0.791798
0.469 -0.814109
0.477 -0.836051
0.485 -0.857625
0.493 -0.87883
0.497 -0.889294
0.501 -0.899665
0.505 -0.909943
0.513 -0.930223
0.521 -0.950134
0.529 -0.969675
0.537 -0.988848
0.545 -1.00765
0.553 -1.02609
0.561 -1.04417
0.569 -1.06188
0.577 -1.07924
0.585 -1.09623
0.593 -1.11287
0.601 -1.12915
0.609 -1.14508
0.617 -1.16067
0.625 -1.1759
0.633 -1.1908
0.641 -1.20535
0.649 -1.21957
0.657 -1.23345
0.665 -1.247
0.673 -1.26023
0.681 -1.27314
0.689 -1.28572
0.697 -1.298
0.705 -1.30996
0.713 -1.32161
0.721 -1.33296
0.729 -1.34401
0.737 -1.35476
0.745 -1.36523
0.753 -1.3754
0.761 -1.3853
0.769 -1.39491
0.777 -1.40425
0.785 -1.41332
0.793 -1.42212
0.801 -1.43067
0.809 -1.43895
0.817 -1.44698
0.825 -1.45476
0.833 -1.46229
0.841 -1.46959
0.849 -1.47664
0.857 -1.48346
0.865 -1.49005
0.873 -1.49642
0.881 -1.50256
0.889 -1.50849
0.897 -1.5142
0.905 -1.5197
0.913 -1.525
0.921 -1.53009
0.929 -1.53498
0.937 -1.53968
0.945 -1.54418
0.953 -1.54849
0.961 -1.55262
0.969 -1.55657
0.977 -1.56033
0.985 -1.56393
0.993 -1.56734
1.001 -1.57059
1.009 -1.57367
1.017 -1.57659
1.025 -1.57935
1.033 -1.58195
1.041 -1.5844
1.049 -1.58669
1.057 -1.58884
1.065 -1.59083
1.073 -1.59269
1.081 -1.5944
1.089 -1.59598
1.097 -1.59742
1.105 -1.59872
1.113 -1.59989
1.121 -1.60094
1.129 -1.60186
1.137 -1.60265
1.145 -1.60332
1.153 -1.60388
1.161 -1.60431
1.169 -1.60463
1.177 -1.60484
1.185 -1.60493
1.193 -1.60492
1.201 -1.6048
1.209 -1.60457
1.217 -1.60424
1.225 -1.60381
1.233 -1.60328
1.241 -1.60265
1.249 -1.60193
1.257 -1.60111
1.265 -1.6002
1.273 -1.5992
1.281 -1.59811
1.289 -1.59693
1.297 -1.59566
1.305 -1.59432
1.313 -1.59288
1.321 -1.59137
1.329 -1.58978
1.337 -1.58811
1.345 -1.58636
1.353 -1.58454
1.361 -1.58265
1.369 -1.58068
1.377 -1.57864
1.385 -1.57653
1.393 -1.57435
1.401 -1.57211
1.409 -1.5698
1.417 -1.56742
1.425 -1.56499
1.433 -1.56249
1.441 -1.55992
1.449 -1.5573
1.457 -1.55463
1.465 -1.55189
1.473 -1.5491
1.481 -1.54625
1.489 -1.54335
1.497 -1.54039
1.505 -1.53739
1.513 -1.53433
1.521 -1.53123
1.529 -1.52807
1.537 -1.52487
1.545 -1.52162
1.553 -1.51832
1.561 -1.51498
1.569 -1.5116
1.577 -1.50818
1.593 -1.5012
1.609 -1.49406
1.625 -1.48677
1.641 -1.47933
1.657 -1.47176
1.673 -1.46405
1.689 -1.45621
1.705 -1.44825
1.721 -1.44018
1.737 -1.43199
1.753 -1.42371
1.769 -1.41532
1.785 -1.40685
1.801 -1.39828
1.817 -1.38963
1.833 -1.38091
1.849 -1.37211
1.865 -1.36324
1.881 -1.3543
1.897 -1.34531
1.913 -1.33626
1.929 -1.32716
1.945 -1.31801
1.961 -1.30882
1.977 -1.29958
1.993 -1.29031
2.009 -1.28101
2.025 -1.27168
2.057 -1.25293
2.089 -1.23411
2.121 -1.21523
2.153 -1.19631
2.185 -1.17738
2.217 -1.15846
2.249 -1.13956
2.281 -1.1207
2.313 -1.1019
2.345 -1.08317
2.377 -1.06453
2.409 -1.04599
2.441 -1.02756
2.473 -1.00925
2.505 -0.991078
2.537 -0.973049
2.569 -0.955173
2.601 -0.937458
2.633 -0.919911
2.665 -0.902539
2.697 -0.885349
2.729 -0.868347
2.761 -0.851538
2.793 -0.834926
2.825 -0.818516
2.857 -0.802312
2.889 -0.786316
2.921 -0.770532
2.953 -0.754963
2.985 -0.73961
3.017 -0.724475
3.049 -0.709561
3.081 -0.694867
3.113 -0.680394
3.145 -0.666145
3.177 -0.652118
3.209 -0.638314
3.241 -0.624733
3.273 -0.611374
3.305 -0.598237
3.337 -0.585321
3.369 -0.572625
3.401 -0.560149
3.433 -0.547891
3.465 -0.535849
3.497 -0.524022
3.529 -0.512409
3.561 -0.501008
3.593 -0.489816
3.625 -0.478833
3.657 -0.468056
3.689 -0.457482
3.721 -0.447111
3.753 -0.436939
3.785 -0.426964
3.817 -0.417185
3.849 -0.407597
3.881 -0.3982
3.913 -0.388991
3.945 -0.379967
3.977 -0.371126
4.009 -0.362464
4.041 -0.35398
4.073 -0.345671
4.105 -0.337535
4.169 -0.321768
4.233 -0.306659
4.297 -0.292186
4.361 -0.27833
4.425 -0.265069
4.489 -0.252382
4.553 -0.24025
4.617 -0.228652
4.681 -0.217569
4.745 -0.206981
4.809 -0.19687
4.873 -0.187217
4.937 -0.178005
5.001 -0.169215
5.065 -0.160831
5.129 -0.152836
5.193 -0.145214
5.257 -0.13795
5.321 -0.131029
5.385 -0.124435
5.449 -0.118156
5.513 -0.112177
5.577 -0.106485
5.641 -0.101067
5.705 -0.0959125
5.769 -0.0910084
5.833 -0.0863437
5.897 -0.0819076
5.961 -0.0776897
6.025 -0.07368
6.089 -0.0698688
6.153 -0.066247
6.217 -0.0628058
6.281 -0.0595366
6.345 -0.0564314
6.409 -0.0534824
6.473 -0.0506821
6.537 -0.0480235
6.601 -0.0454998
6.665 -0.0431044
6.729 -0.0408311
6.793 -0.0386741
6.857 -0.0366275
6.921 -0.0346861
6.985 -0.0328446
7.049 -0.0310981
7.113 -0.029442
7.177 -0.0278716
7.241 -0.0263828
7.305 -0.0249715
7.369 -0.0236338
7.433 -0.022366
7.497 -0.0211645
7.561 -0.020026
7.625 -0.0189474
7.689 -0.0179255
7.753 -0.0169575
7.817 -0.0160407
7.881 -0.0151723
8.009 -0.0135713
8.137 -0.012136
8.265 -0.0108496
8.393 -0.0096972
8.521 -0.00866509
8.649 -0.007741
8.777 -0.00691388
8.905 -0.00617377
9.033 -0.0055117
9.161 -0.0049196
9.289 -0.00439022
9.417 -0.00391703
9.545 -0.00349417
9.673 -0.00311637
9.801 -0.00277892
9.929 -0.00247757
10.057 -0.00220852
10.185 -0.00196836
10.313 -0.00175402
10.441 -0.00156278
10.569 -0.00139217
10.697 -0.00123999
10.825 -0.00110429
10.953 -0.000983297
11.081 -0.000875436
11.209 -0.0007793
11.337 -0.000693627
11.465 -0.000617292
11.593 -0.000549287
11.721 -0.000488712
11.849 -0.000434764
11.977 -0.000386724
12.105 -0.000343953
12.233 -0.000305876
12.361 -0.000271984
12.489 -0.000241821
12.745 -0.000191098
13.001 -0.000150952
13.257 -0.000119193
13.513 -9.4079e-05
13.769 -7.42294e-05
14.025 -5.8547e-05
14.281 -4.61621e-05
14.537 -3.63851e-05
14.793 -2.86697e-05
15.049 -2.25834e-05
15.305 -1.77839e-05
15.561 -1.40004e-05
15.817 -1.10188e-05
