0 0.3
0.001 0.25915
0.003 0.178168
0.005 0.0981089
0.007 0.0189328
0.009 -0.0593986
0.011 -0.136922
0.013 -0.213672
0.015 -0.289681
0.017 -0.364981
0.019 -0.439602
0.021 -0.513571
0.023 -0.586915
0.025 -0.659659
0.027 -0.731826
0.029 -0.803438
0.031 -0.874515
0.033 -0.945076
0.035 -1.01514
0.037 -1.08472
0.039 -1.15383
0.041 -1.22248
0.043 -1.2907
0.045 -1.35848
0.047 -1.42583
0.049 -1.49277
0.051 -1.55929
0.053 -1.62541
0.055 -1.69113
0.057 -1.75645
0.059 -1.82137
0.061 -1.88588
0.063 -1.95
0.065 -2.01372
0.067 -2.07702
0.069 -2.13991
0.071 -2.20239
0.073 -2.26443
0.075 -2.32604
0.077 -2.38721
0.079 -2.44792
0.081 -2.50816
0.083 -2.56792
0.085 -2.62719
0.087 -2.68594
0.089 -2.74418
0.091 -2.80187
0.093 -2.859
0.095 -2.91555
0.097 -2.97151
0.099 -3.02686
0.101 -3.08157
0.103 -3.13562
0.105 -3.189
0.107 -3.24168
0.109 -3.29363
0.111 -3.34484
0.113 -3.39529
0.115 -3.44494
0.117 -3.49378
0.119 -3.54179
0.121 -3.58893
0.123 -3.63519
0.125 -3.68055
0.127 -3.72497
0.129 -3.76844
0.131 -3.81093
0.133 -3.85242
0.135 -3.89289
0.137 -3.93231
0.139 -3.97068
0.141 -4.00795
0.143 -4.04412
0.145 -4.07917
0.147 -4.11307
0.149 -4.14581
0.151 -4.17737
0.153 -4.20774
0.155 -4.2369
0.157 -4.26483
0.159 -4.29153
0.161 -4.31698
0.163 -4.34117
0.165 -4.3641
0.167 -4.38574
0.169 -4.40611
0.171 -4.42518
0.173 -4.44296
0.175 -4.45944
0.177 -4.47462
0.179 -4.4885
0.181 -4.50108
0.183 -4.51236
0.185 -4.52234
0.187 -4.53104
0.189 -4.53844
0.191 -4.54457
0.193 -4.54943
0.195 -4.55303
0.197 -4.55538
0.199 -4.55649
0.201 -4.55638
0.203 -4.55505
0.205 -4.55253
0.207 -4.54882
0.209 -4.54395
0.211 -4.53794
0.213 -4.5308
0.215 -4.52255
0.217 -4.51322
0.219 -4.50281
0.221 -4.49137
0.223 -4.4789
0.225 -4.46544
0.227 -4.451
0.229 -4.43561
0.231 -4.41929
0.233 -4.40207
0.235 -4.38397
0.237 -4.36503
0.239 -4.34526
0.241 -4.32468
0.243 -4.30334
0.245 -4.28125
0.247 -4.25844
0.249 -4.23493
0.251 -4.21075
0.253 -4.18593
0.255 -4.16049
0.257 -4.13446
0.259 -4.10786
0.261 -4.08073
0.263 -4.05307
0.265 -4.02493
0.267 -3.99631
0.269 -3.96726
0.271 -3.93778
0.273 -3.90791
0.275 -3.87767
0.277 -3.84708
0.279 -3.81615
0.281 -3.78492
0.283 -3.75341
0.285 -3.72163
0.287 -3.6896
0.289 -3.65735
0.291 -3.62489
0.293 -3.59225
0.295 -3.55943
0.297 -3.52647
0.299 -3.49336
0.301 -3.46015
0.303 -3.42683
0.305 -3.39342
0.307 -3.35994
0.309 -3.32641
0.311 -3.29283
0.313 -3.25923
0.315 -3.22561
0.317 -3.19199
0.319 -3.15838
0.321 -3.12479
0.323 -3.09123
0.325 -3.05772
0.327 -3.02426
0.329 -2.99086
0.331 -2.95754
0.333 -2.9243
0.335 -2.89115
0.337 -2.8581
0.339 -2.82516
0.341 -2.79234
0.345 -2.72706
0.349 -2.66233
0.353 -2.59819
0.357 -2.53469
0.361 -2.47186
0.365 -2.40974
0.369 -2.34836
0.373 -2.28774
0.377 -2.22791
0.381 -2.16889
0.385 -2.11069
0.389 -2.05333
0.393 -1.99681
0.397 -1.94115
0.401 -1.88636
0.405 -1.83243
0.409 -1.77937
0.413 -1.72718
0.417 -1.67586
0.421 -1.62541
0.425 -1.57582
0.429 -1.52709
0.433 -1.47922
0.437 -1.4322
0.445 -1.34068
0.453 -1.25246
0.461 -1.16747
0.469 -1.08565
0.477 -1.0069
0.485 -0.931149
0.493 -0.858304
0.497 -0.822944
0.501 -0.788279
0.505 -0.754298
0.513 -0.688346
0.521 -0.625001
0.529 -0.564182
0.537 -0.505808
0.545 -0.4498
0.553 -0.396081
0.561 -0.344579
0.569 -0.295221
0.577 -0.24794
0.585 -0.202669
0.593 -0.159345
0.601 -0.117906
0.609 -0.0782939
0.617 -0.0404519
0.625 -0.00432563
0.633 0.0301373
0.641 0.0629875
0.649 0.0942737
0.657 0.124043
0.665 0.152341
0.673 0.179212
0.681 0.204699
0.689 0.228843
0.697 0.251686
0.705 0.273266
0.713 0.293622
0.721 0.312793
0.729 0.330815
0.737 0.347724
0.745 0.363557
0.753 0.378347
0.761 0.39213
0.769 0.40494
0.777 0.41681
0.785 0.427772
0.793 0.437859
0.801 0.447103
0.809 0.455535
0.817 0.463186
0.825 0.470087
0.833 0.476267
0.841 0.481756
0.849 0.486582
0.857 0.490775
0.865 0.494362
0.873 0.49737
0.881 0.499827
0.889 0.501758
0.897 0.503188
0.905 0.504144
0.913 0.504648
0.921 0.504726
0.929 0.5044
0.937 0.503693
0.945 0.502625
0.953 0.50122
0.961 0.499496
0.969 0.497474
0.977 0.495173
0.985 0.492612
0.993 0.489807
1.001 0.486777
1.009 0.483537
1.017 0.480104
1.025 0.476493
1.033 0.472717
1.041 0.468791
1.049 0.464729
1.057 0.460542
1.065 0.456243
1.073 0.451843
1.081 0.447353
1.089 0.442783
1.097 0.438144
1.105 0.433443
1.113 0.42869
1.121 0.423894
1.129 0.419061
1.137 0.4142
1.145 0.409316
1.153 0.404417
1.161 0.399509
1.169 0.394596
1.177 0.389684
1.185 0.384779
1.193 0.379884
1.201 0.375004
1.209 0.370143
1.217 0.365304
1.225 0.36049
1.233 0.355705
1.241 0.350952
1.249 0.346232
1.257 0.341549
1.265 0.336904
1.273 0.332299
1.281 0.327736
1.289 0.323216
1.297 0.318742
1.305 0.314313
1.313 0.309931
1.321 0.305597
1.329 0.301312
1.337 0.297077
1.345 0.292891
1.353 0.288755
1.361 0.28467
1.369 0.280636
1.377 0.276653
1.385 0.272722
1.393 0.268841
1.401 0.265011
1.409 0.261233
1.417 0.257505
1.425 0.253828
1.433 0.250201
1.441 0.246624
1.449 0.243096
1.457 0.239618
1.465 0.236189
1.473 0.232808
1.481 0.229475
1.489 0.226189
1.497 0.22295
1.505 0.219757
1.513 0.216611
1.521 0.213509
1.529 0.210452
1.537 0.207439
1.545 0.20447
1.553 0.201543
1.561 0.198659
1.569 0.195816
1.577 0.193014
1.593 0.187532
1.609 0.182206
1.625 0.177033
1.641 0.172007
1.657 0.167123
1.673 0.162378
1.689 0.157767
1.705 0.153285
1.721 0.148928
1.737 0.144692
1.753 0.140574
1.769 0.136568
1.785 0.132673
1.801 0.128883
1.817 0.125195
1.833 0.121607
1.849 0.118116
1.865 0.114717
1.881 0.111408
1.897 0.108186
1.913 0.105049
1.929 0.101994
1.945 0.0990186
1.961 0.09612
1.977 0.0932963
1.993 0.0905451
2.009 0.0878643
2.025 0.0852519
2.057 0.0802246
2.089 0.0754483
2.121 0.0709093
2.153 0.066595
2.185 0.0624936
2.217 0.0585941
2.249 0.0548864
2.281 0.0513609
2.313 0.0480086
2.345 0.0448213
2.377 0.041791
2.409 0.0389103
2.441 0.0361722
2.473 0.0335702
2.505 0.031098
2.537 0.0287496
2.569 0.0265194
2.601 0.0244022
2.633 0.0223927
2.665 0.0204862
2.697 0.0186781
2.729 0.0169639
2.761 0.0153394
2.793 0.0138007
2.825 0.0123439
2.857 0.0109653
2.889 0.0096614
2.921 0.00842886
2.953 0.00726445
2.985 0.00616508
3.017 0.00512781
3.049 0.00414981
3.081 0.00322837
3.113 0.00236089
3.145 0.00154489
3.177 0.000777981
3.209 5.78821e-05
3.241 -0.000617595
3.273 -0.00125055
3.305 -0.00184298
3.337 -0.00239683
3.369 -0.00291392
3.401 -0.00339603
3.433 -0.00384485
3.465 -0.004262
3.497 -0.00464902
3.529 -0.00500741
3.561 -0.00533858
3.593 -0.0056439
3.625 -0.00592466
3.657 -0.00618211
3.689 -0.00641744
3.721 -0.00663179
3.753 -0.00682625
3.785 -0.00700186
3.817 -0.00715962
3.849 -0.00730048
3.881 -0.00742535
3.913 -0.0075351
3.945 -0.00763056
3.977 -0.00771251
4.009 -0.00778173
4.041 -0.00783892
4.073 -0.00788479
4.105 -0.00791998
4.169 -0.00796084
4.233 -0.00796617
4.297 -0.00794023
4.361 -0.00788688
4.425 -0.00780963
4.489 -0.00771165
4.553 -0.00759581
4.617 -0.00746471
4.681 -0.00732067
4.745 -0.00716582
4.809 -0.00700204
4.873 -0.00683104
4.937 -0.00665435
5.001 -0.00647333
5.065 -0.00628918
5.129 -0.00610301
5.193 -0.00591576
5.257 -0.00572828
5.321 -0.00554132
5.385 -0.00535553
5.449 -0.0051715
5.513 -0.00498971
5.577 -0.00481059
5.641 -0.00463451
5.705 -0.00446178
5.769 -0.00429266
5.833 -0.00412737
5.897 -0.00396607
5.961 -0.00380892
6.025 -0.00365602
6.089 -0.00350744
6.153 -0.00336323
6.217 -0.00322343
6.281 -0.00308803
6.345 -0.00295704
6.409 -0.00283042
6.473 -0.00270814
6.537 -0.00259014
6.601 -0.00247637
6.665 -0.00236675
6.729 -0.00226121
6.793 -0.00215965
6.857 -0.002062
6.921 -0.00196816
6.985 -0.00187803
7.049 -0.00179151
7.113 -0.0017085
7.177 -0.00162889
7.241 -0.00155259
7.305 -0.0014795
7.369 -0.00140949
7.433 -0.00134248
7.497 -0.00127837
7.561 -0.00121704
7.625 -0.0011584
7.689 -0.00110236
7.753 -0.00104881
7.817 -0.000997671
7.881 -0.000948838
8.009 -0.000857745
8.137 -0.000774844
8.265 -0.000699483
8.393 -0.000631045
8.521 -0.000568955
8.649 -0.000512676
8.777 -0.000461708
8.905 -0.000415586
9.033 -0.000373882
9.161 -0.000336201
9.289 -0.000302177
9.417 -0.000271475
9.545 -0.000243789
9.673 -0.000218837
9.801 -0.000196362
9.929 -0.000176128
10.057 -0.000157922
10.185 -0.000141548
10.313 -0.000126829
10.441 -0.000113604
10.569 -0.000101726
10.697 -9.10617e-05
10.825 -8.14919e-05
10.953 -7.29072e-05
11.081 -6.52089e-05
11.209 -5.83081e-05
11.337 -5.21242e-05
11.465 -4.65845e-05
11.593 -4.16236e-05
11.721 -3.71823e-05
11.849 -3.32074e-05
11.977 -2.96508e-05
12.105 -2.64696e-05
12.233 -2.36247e-05
12.361 -2.10814e-05
12.489 -1.88082e-05
12.745 -1.49622e-05
13.001 -1.18942e-05
13.257 -9.44873e-06
13.513 -7.5012e-06
13.769 -5.95141e-06
14.025 -4.71904e-06
14.281 -3.73975e-06
14.537 -2.96211e-06
14.793 -2.34496e-06
15.049 -1.85549e-06
15.305 -1.4675e-06
15.561 -1.16012e-06
15.817 -9.1673e-07
