0 0.5
0.001 0.467307
0.003 0.402161
0.005 0.337334
0.007 0.272831
0.009 0.208653
0.011 0.144805
0.013 0.0812899
0.015 0.0181122
0.017 -0.0447239
0.019 -0.107214
0.021 -0.169353
0.023 -0.231136
0.025 -0.292558
0.027 -0.353613
0.029 -0.414295
0.031 -0.474598
0.033 -0.534517
0.035 -0.594046
0.037 -0.653176
0.039 -0.711903
0.041 -0.770219
0.043 -0.828117
0.045 -0.88559
0.047 -0.942632
0.049 -0.999234
0.051 -1.05539
0.053 -1.11109
0.055 -1.16633
0.057 -1.22111
0.059 -1.2754
0.061 -1.32921
0.063 -1.38253
0.065 -1.43536
0.067 -1.48767
0.069 -1.53947
0.071 -1.59075
0.073 -1.6415
0.075 -1.69171
0.077 -1.74138
0.079 -1.7905
0.081 -1.83906
0.083 -1.88705
0.085 -1.93447
0.087 -1.98131
0.089 -2.02756
0.091 -2.07322
0.093 -2.11829
0.095 -2.16274
0.097 -2.20659
0.099 -2.24981
0.101 -2.29242
0.103 -2.33439
0.105 -2.37573
0.107 -2.41643
0.109 -2.45649
0.111 -2.4959
0.113 -2.53465
0.115 -2.57275
0.117 -2.61019
0.119 -2.64697
0.121 -2.68308
0.123 -2.71852
0.125 -2.75329
0.127 -2.78738
0.129 -2.82079
0.131 -2.85353
0.133 -2.88559
0.135 -2.91697
0.137 -2.94767
0.139 -2.97768
0.141 -3.00702
0.143 -3.03567
0.145 -3.06365
0.147 -3.09095
0.149 -3.11756
0.151 -3.14351
0.153 -3.16877
0.155 -3.19337
0.157 -3.2173
0.159 -3.24056
0.161 -3.26316
0.163 -3.2851
0.165 -3.30639
0.167 -3.32703
0.169 -3.34702
0.171 -3.36636
0.173 -3.38508
0.175 -3.40316
0.177 -3.42061
0.179 -3.43745
0.181 -3.45367
0.183 -3.46929
0.185 -3.48431
0.187 -3.49873
0.189 -3.51257
0.191 -3.52582
0.193 -3.53851
0.195 -3.55063
0.197 -3.56219
0.199 -3.57321
0.201 -3.58368
0.203 -3.59362
0.205 -3.60304
0.207 -3.61194
0.209 -3.62033
0.211 -3.62822
0.213 -3.63562
0.215 -3.64254
0.217 -3.64898
0.219 -3.65496
0.221 -3.66048
0.223 -3.66556
0.225 -3.67019
0.227 -3.6744
0.229 -3.67818
0.231 -3.68155
0.233 -3.68452
0.235 -3.68709
0.237 -3.68927
0.239 -3.69107
0.241 -3.6925
0.243 -3.69357
0.245 -3.69429
0.247 -3.69466
0.249 -3.69469
0.251 -3.69439
0.253 -3.69377
0.255 -3.69284
0.257 -3.6916
0.259 -3.69006
0.261 -3.68823
0.263 -3.68611
0.265 -3.68372
0.267 -3.68106
0.269 -3.67813
0.271 -3.67495
0.273 -3.67152
0.275 -3.66784
0.277 -3.66393
0.279 -3.65979
0.281 -3.65542
0.283 -3.65084
0.285 -3.64604
0.287 -3.64104
0.289 -3.63584
0.291 -3.63044
0.293 -3.62485
0.295 -3.61908
0.297 -3.61312
0.299 -3.607
0.301 -3.6007
0.303 -3.59424
0.305 -3.58761
0.307 -3.58083
0.309 -3.5739
0.311 -3.56682
0.313 -3.5596
0.315 -3.55224
0.317 -3.54475
0.319 -3.53712
0.321 -3.52937
0.323 -3.52149
0.325 -3.51349
0.327 -3.50538
0.329 -3.49715
0.331 -3.48881
0.333 -3.48036
0.335 -3.47181
0.337 -3.46315
0.339 -3.4544
0.341 -3.44556
0.345 -3.42759
0.349 -3.40927
0.353 -3.39061
0.357 -3.37165
0.361 -3.35239
0.365 -3.33286
0.369 -3.31306
0.373 -3.29301
0.377 -3.27273
0.381 -3.25223
0.385 -3.23152
0.389 -3.21062
0.393 -3.18953
0.397 -3.16827
0.401 -3.14685
0.405 -3.12528
0.409 -3.10356
0.413 -3.08171
0.417 -3.05973
0.421 -3.03763
0.425 -3.01542
0.429 -2.99311
0.433 -2.97071
0.437 -2.94822
0.445 -2.90299
0.453 -2.8575
0.461 -2.81177
0.469 -2.76586
0.477 -2.71982
0.485 -2.67367
0.493 -2.62746
0.497 -2.60434
0.501 -2.58122
0.505 -2.5581
0.513 -2.51188
0.521 -2.46572
0.529 -2.41965
0.537 -2.3737
0.545 -2.32788
0.553 -2.28224
0.561 -2.2368
0.569 -2.19157
0.577 -2.1466
0.585 -2.10189
0.593 -2.05747
0.601 -2.01336
0.609 -1.96958
0.617 -1.92615
0.625 -1.88309
0.633 -1.84041
0.641 -1.79812
0.649 -1.75625
0.657 -1.71481
0.665 -1.6738
0.673 -1.63324
0.681 -1.59315
0.689 -1.55352
0.697 -1.51437
0.705 -1.47571
0.713 -1.43755
0.721 -1.39988
0.729 -1.36272
0.737 -1.32607
0.745 -1.28993
0.753 -1.25431
0.761 -1.2192
0.769 -1.18461
0.777 -1.15055
0.785 -1.117
0.793 -1.08398
0.801 -1.05147
0.809 -1.01948
0.817 -0.988003
0.825 -0.957038
0.833 -0.926581
0.841 -0.89663
0.849 -0.86718
0.857 -0.838226
0.865 -0.809764
0.873 -0.78179
0.881 -0.754297
0.889 -0.727281
0.897 -0.700735
0.905 -0.674654
0.913 -0.649031
0.921 -0.623861
0.929 -0.599138
0.937 -0.574854
0.945 -0.551003
0.953 -0.527579
0.961 -0.504575
0.969 -0.481984
0.977 -0.459801
0.985 -0.438017
0.993 -0.416627
1.001 -0.395624
1.009 -0.375001
1.017 -0.354752
1.025 -0.334869
1.033 -0.315348
1.041 -0.296181
1.049 -0.277363
1.057 -0.258886
1.065 -0.240745
1.073 -0.222934
1.081 -0.205446
1.089 -0.188277
1.097 -0.171419
1.105 -0.154868
1.113 -0.138619
1.121 -0.122664
1.129 -0.107
1.137 -0.0916208
1.145 -0.0765214
1.153 -0.0616967
1.161 -0.0471418
1.169 -0.0328519
1.177 -0.0188223
1.185 -0.0050482
1.193 0.00847479
1.201 0.0217511
1.209 0.0347852
1.217 0.0475812
1.225 0.0601433
1.233 0.0724756
1.241 0.084582
1.249 0.0964664
1.257 0.108133
1.265 0.119584
1.273 0.130825
1.281 0.141859
1.289 0.152689
1.297 0.163318
1.305 0.173751
1.313 0.183989
1.321 0.194037
1.329 0.203897
1.337 0.213573
1.345 0.223068
1.353 0.232383
1.361 0.241523
1.369 0.250491
1.377 0.259287
1.385 0.267917
1.393 0.276381
1.401 0.284684
1.409 0.292826
1.417 0.300811
1.425 0.308642
1.433 0.31632
1.441 0.323847
1.449 0.331227
1.457 0.338461
1.465 0.345552
1.473 0.352501
1.481 0.359312
1.489 0.365985
1.497 0.372523
1.505 0.378928
1.513 0.385203
1.521 0.391348
1.529 0.397365
1.537 0.403258
1.545 0.409027
1.553 0.414674
1.561 0.420202
1.569 0.425611
1.577 0.430904
1.593 0.441146
1.609 0.450943
1.625 0.460307
1.641 0.469249
1.657 0.477783
1.673 0.48592
1.689 0.49367
1.705 0.501046
1.721 0.508057
1.737 0.514714
1.753 0.521027
1.769 0.527005
1.785 0.532658
1.801 0.537996
1.817 0.543027
1.833 0.54776
1.849 0.552204
1.865 0.556366
1.881 0.560255
1.897 0.563878
1.913 0.567244
1.929 0.57036
1.945 0.573232
1.961 0.575869
1.977 0.578276
1.993 0.580461
2.009 0.58243
2.025 0.58419
2.057 0.587106
2.089 0.589258
2.121 0.59069
2.153 0.591446
2.185 0.591569
2.217 0.591096
2.249 0.590066
2.281 0.588514
2.313 0.586474
2.345 0.583979
2.377 0.581059
2.409 0.577744
2.441 0.574061
2.473 0.570037
2.505 0.565697
2.537 0.561064
2.569 0.556163
2.601 0.551013
2.633 0.545636
2.665 0.540051
2.697 0.534276
2.729 0.52833
2.761 0.522228
2.793 0.515986
2.825 0.509619
2.857 0.503141
2.889 0.496566
2.921 0.489906
2.953 0.483172
2.985 0.476377
3.017 0.469531
3.049 0.462643
3.081 0.455723
3.113 0.44878
3.145 0.441823
3.177 0.434858
3.209 0.427894
3.241 0.420937
3.273 0.413994
3.305 0.407071
3.337 0.400173
3.369 0.393306
3.401 0.386475
3.433 0.379684
3.465 0.372937
3.497 0.366239
3.529 0.359593
3.561 0.353002
3.593 0.346469
3.625 0.339999
3.657 0.333592
3.689 0.327251
3.721 0.320979
3.753 0.314778
3.785 0.308648
3.817 0.302593
3.849 0.296613
3.881 0.29071
3.913 0.284884
3.945 0.279137
3.977 0.27347
4.009 0.267882
4.041 0.262376
4.073 0.25695
4.105 0.251606
4.169 0.241164
4.233 0.23105
4.297 0.221263
4.361 0.211802
4.425 0.202663
4.489 0.193844
4.553 0.18534
4.617 0.177145
4.681 0.169254
4.745 0.16166
4.809 0.154358
4.873 0.14734
4.937 0.140599
5.001 0.134128
5.065 0.127918
5.129 0.121963
5.193 0.116255
5.257 0.110786
5.321 0.105548
5.385 0.100534
5.449 0.0957361
5.513 0.0911466
5.577 0.0867583
5.641 0.0825638
5.705 0.0785559
5.769 0.0747277
5.833 0.0710722
5.897 0.0675827
5.961 0.0642528
6.025 0.061076
6.089 0.0580462
6.153 0.0551573
6.217 0.0524035
6.281 0.0497792
6.345 0.0472789
6.409 0.0448972
6.473 0.0426292
6.537 0.0404698
6.601 0.0384143
6.665 0.0364582
6.729 0.0345969
6.793 0.0328263
6.857 0.0311423
6.921 0.0295409
6.985 0.0280184
7.049 0.0265711
7.113 0.0251956
7.177 0.0238885
7.241 0.0226467
7.305 0.021467
7.369 0.0203465
7.433 0.0192825
7.497 0.0182722
7.561 0.017313
7.625 0.0164026
7.689 0.0155384
7.753 0.0147184
7.817 0.0139404
7.881 0.0132022
8.009 0.0118379
8.137 0.0106108
8.265 0.00950774
8.393 0.00851654
8.521 0.00762628
8.649 0.006827
8.777 0.00610969
8.905 0.0054662
9.033 0.00488915
9.161 0.00437184
9.289 0.00390827
9.417 0.00349298
9.545 0.00312107
9.673 0.0027881
9.801 0.00249009
9.929 0.00222344
10.057 0.00198493
10.185 0.00177163
10.313 0.00158093
10.441 0.00141048
10.569 0.00125817
10.697 0.00112209
10.825 0.00100056
10.953 0.000892025
11.081 0.000795131
11.209 0.000708643
11.337 0.000631459
11.465 0.000562593
11.593 0.00050116
11.721 0.000446367
11.849 0.000397507
11.977 0.000353944
12.105 0.00031511
12.233 0.000280499
12.361 0.000249656
12.489 0.000222175
12.745 0.00017589
13.001 0.000139179
13.257 0.000110078
13.513 8.70229e-05
13.769 6.87669e-05
14.025 5.43183e-05
14.281 4.28884e-05
14.537 3.38507e-05
14.793 2.67077e-05
15.049 2.10645e-05
15.305 1.66081e-05
15.561 1.30901e-05
15.817 1.03141e-05
