0 -21.1808
0.001 -21.3707
0.003 -21.7476
0.005 -22.1208
0.007 -22.4899
0.009 -22.855
0.011 -23.2159
0.013 -23.5724
0.015 -23.9244
0.017 -24.2718
0.019 -24.6145
0.021 -24.9523
0.023 -25.2852
0.025 -25.613
0.027 -25.9356
0.029 -26.2528
0.031 -26.5647
0.033 -26.871
0.035 -27.1716
0.037 -27.4666
0.039 -27.7556
0.041 -28.0388
0.043 -28.3159
0.045 -28.5869
0.047 -28.8517
0.049 -29.1102
0.051 -29.3624
0.053 -29.6081
0.055 -29.8473
0.057 -30.0799
0.059 -30.3059
0.061 -30.5252
0.063 -30.7377
0.065 -30.9435
0.067 -31.1424
0.069 -31.3344
0.071 -31.5195
0.073 -31.6977
0.075 -31.8689
0.077 -32.0332
0.079 -32.1904
0.081 -32.3406
0.083 -32.4839
0.085 -32.6201
0.087 -32.7493
0.089 -32.8716
0.091 -32.9869
0.093 -33.0952
0.095 -33.1967
0.097 -33.2913
0.099 -33.3791
0.101 -33.4601
0.103 -33.5344
0.105 -33.6021
0.107 -33.6631
0.109 -33.7177
0.111 -33.7657
0.113 -33.8074
0.115 -33.8428
0.117 -33.8721
0.119 -33.8952
0.121 -33.9123
0.123 -33.9235
0.125 -33.9289
0.127 -33.9287
0.129 -33.9228
0.131 -33.9115
0.133 -33.8949
0.135 -33.8731
0.137 -33.8462
0.139 -33.8144
0.141 -33.7777
0.143 -33.7364
0.145 -33.6905
0.147 -33.6402
0.149 -33.5857
0.151 -33.527
0.153 -33.4643
0.155 -33.3978
0.157 -33.3276
0.159 -33.2538
0.161 -33.1766
0.163 -33.0961
0.165 -33.0125
0.167 -32.9259
0.169 -32.8364
0.171 -32.7442
0.173 -32.6494
0.175 -32.5521
0.177 -32.4526
0.179 -32.3508
0.181 -32.2469
0.183 -32.1412
0.185 -32.0336
0.187 -31.9243
0.189 -31.8134
0.191 -31.701
0.193 -31.5872
0.195 -31.4722
0.197 -31.3561
0.199 -31.2389
0.201 -31.1207
0.203 -31.0016
0.205 -30.8818
0.207 -30.7613
0.209 -30.6401
0.211 -30.5185
0.213 -30.3963
0.215 -30.2738
0.217 -30.151
0.219 -30.0279
0.221 -29.9046
0.223 -29.7811
0.225 -29.6576
0.227 -29.534
0.229 -29.4105
0.231 -29.287
0.233 -29.1635
0.235 -29.0403
0.237 -28.9172
0.239 -28.7943
0.241 -28.6716
0.243 -28.5492
0.245 -28.4271
0.247 -28.3053
0.249 -28.1839
0.251 -28.0627
0.253 -27.942
0.255 -27.8216
0.257 -27.7016
0.259 -27.5821
0.261 -27.4629
0.263 -27.3442
0.265 -27.2259
0.267 -27.108
0.269 -26.9906
0.271 -26.8736
0.273 -26.757
0.275 -26.6409
0.277 -26.5252
0.279 -26.41
0.281 -26.2952
0.283 -26.1808
0.285 -26.0669
0.287 -25.9534
0.289 -25.8404
0.291 -25.7277
0.293 -25.6155
0.295 -25.5036
0.297 -25.3922
0.299 -25.2812
0.301 -25.1705
0.303 -25.0603
0.305 -24.9504
0.307 -24.8409
0.309 -24.7317
0.311 -24.6229
0.313 -24.5145
0.315 -24.4064
0.317 -24.2986
0.319 -24.1912
0.321 -24.084
0.323 -23.9772
0.325 -23.8707
0.327 -23.7645
0.329 -23.6586
0.331 -23.5529
0.333 -23.4476
0.335 -23.3425
0.337 -23.2377
0.339 -23.1331
0.341 -23.0288
0.345 -22.821
0.349 -22.6141
0.353 -22.4081
0.357 -22.203
0.361 -21.9987
0.365 -21.7953
0.369 -21.5927
0.373 -21.3908
0.377 -21.1897
0.381 -20.9893
0.385 -20.7896
0.389 -20.5906
0.393 -20.3924
0.397 -20.1947
0.401 -19.9978
0.405 -19.8015
0.409 -19.6059
0.413 -19.411
0.417 -19.2167
0.421 -19.0231
0.425 -18.8301
0.429 -18.6378
0.433 -18.4462
0.437 -18.2553
0.445 -17.8755
0.453 -17.4986
0.461 -17.1246
0.469 -16.7535
0.477 -16.3856
0.485 -16.0209
0.493 -15.6594
0.497 -15.48
0.501 -15.3014
0.505 -15.1236
0.513 -14.7709
0.521 -14.4218
0.529 -14.0764
0.537 -13.7349
0.545 -13.3974
0.553 -13.0638
0.561 -12.7344
0.569 -12.4092
0.577 -12.0882
0.585 -11.7715
0.593 -11.4592
0.601 -11.1514
0.609 -10.848
0.617 -10.5491
0.625 -10.2547
0.633 -9.96487
0.641 -9.67963
0.649 -9.39896
0.657 -9.12288
0.665 -8.85137
0.673 -8.58444
0.681 -8.32206
0.689 -8.06421
0.697 -7.81088
0.705 -7.56202
0.713 -7.3176
0.721 -7.07759
0.729 -6.84195
0.737 -6.61061
0.745 -6.38355
0.753 -6.16069
0.761 -5.94199
0.769 -5.72739
0.777 -5.51684
0.785 -5.31026
0.793 -5.10759
0.801 -4.90877
0.809 -4.71375
0.817 -4.52244
0.825 -4.33478
0.833 -4.15071
0.841 -3.97015
0.849 -3.79305
0.857 -3.61934
0.865 -3.44894
0.873 -3.2818
0.881 -3.11785
0.889 -2.95702
0.897 -2.79924
0.905 -2.64447
0.913 -2.49263
0.921 -2.34367
0.929 -2.19752
0.937 -2.05412
0.945 -1.91343
0.953 -1.77538
0.961 -1.63992
0.969 -1.507
0.977 -1.37655
0.985 -1.24854
0.993 -1.12291
1.001 -0.999616
1.009 -0.878607
1.017 -0.759837
1.025 -0.643264
1.033 -0.528841
1.041 -0.416528
1.049 -0.306283
1.057 -0.198066
1.065 -0.0918365
1.073 0.0124423
1.081 0.114808
1.089 0.215296
1.097 0.313942
1.105 0.410781
1.113 0.505844
1.121 0.599165
1.129 0.690776
1.137 0.780706
1.145 0.868985
1.153 0.955643
1.161 1.04071
1.169 1.12421
1.177 1.20617
1.185 1.28662
1.193 1.36558
1.201 1.44308
1.209 1.51914
1.217 1.59379
1.225 1.66705
1.233 1.73894
1.241 1.80948
1.249 1.8787
1.257 1.94662
1.265 2.01326
1.273 2.07863
1.281 2.14276
1.289 2.20567
1.297 2.26737
1.305 2.32788
1.313 2.38723
1.321 2.44543
1.329 2.5025
1.337 2.55845
1.345 2.6133
1.353 2.66708
1.361 2.71978
1.369 2.77143
1.377 2.82205
1.385 2.87165
1.393 2.92025
1.401 2.96785
1.409 3.01448
1.417 3.06015
1.425 3.10487
1.433 3.14866
1.441 3.19153
1.449 3.23349
1.457 3.27455
1.465 3.31474
1.473 3.35405
1.481 3.39251
1.489 3.43013
1.497 3.46691
1.505 3.50287
1.513 3.53803
1.521 3.57238
1.529 3.60596
1.537 3.63875
1.545 3.67078
1.553 3.70206
1.561 3.7326
1.569 3.7624
1.577 3.79148
1.593 3.84752
1.609 3.90079
1.625 3.95137
1.641 3.99934
1.657 4.04477
1.673 4.08772
1.689 4.12828
1.705 4.1665
1.721 4.20245
1.737 4.2362
1.753 4.26781
1.769 4.29734
1.785 4.32485
1.801 4.3504
1.817 4.37403
1.833 4.39582
1.849 4.41581
1.865 4.43405
1.881 4.4506
1.897 4.4655
1.913 4.47881
1.929 4.49056
1.945 4.50082
1.961 4.50961
1.977 4.51699
1.993 4.523
2.009 4.52768
2.025 4.53107
2.057 4.53414
2.089 4.53253
2.121 4.52652
2.153 4.51639
2.185 4.50241
2.217 4.48483
2.249 4.4639
2.281 4.43983
2.313 4.41285
2.345 4.38317
2.377 4.35098
2.409 4.31647
2.441 4.27981
2.473 4.24119
2.505 4.20075
2.537 4.15865
2.569 4.11503
2.601 4.07004
2.633 4.0238
2.665 3.97643
2.697 3.92806
2.729 3.87878
2.761 3.82871
2.793 3.77795
2.825 3.72659
2.857 3.67472
2.889 3.62241
2.921 3.56976
2.953 3.51682
2.985 3.46368
3.017 3.4104
3.049 3.35704
3.081 3.30366
3.113 3.25031
3.145 3.19704
3.177 3.14391
3.209 3.09095
3.241 3.03821
3.273 2.98572
3.305 2.93353
3.337 2.88166
3.369 2.83016
3.401 2.77903
3.433 2.72832
3.465 2.67805
3.497 2.62824
3.529 2.57891
3.561 2.53009
3.593 2.48178
3.625 2.434
3.657 2.38677
3.689 2.3401
3.721 2.29401
3.753 2.2485
3.785 2.20358
3.817 2.15926
3.849 2.11554
3.881 2.07244
3.913 2.02996
3.945 1.98809
3.977 1.94685
4.009 1.90624
4.041 1.86625
4.073 1.8269
4.105 1.78817
4.169 1.71259
4.233 1.63951
4.297 1.56892
4.361 1.50077
4.425 1.43505
4.489 1.37171
4.553 1.3107
4.617 1.252
4.681 1.19553
4.745 1.14125
4.809 1.08911
4.873 1.03905
4.937 0.991008
5.001 0.944931
5.065 0.900759
5.129 0.858432
5.193 0.817892
5.257 0.77908
5.321 0.741937
5.385 0.706405
5.449 0.672427
5.513 0.639947
5.577 0.608911
5.641 0.579263
5.705 0.550951
5.769 0.523923
5.833 0.498129
5.897 0.473519
5.961 0.450047
6.025 0.427665
6.089 0.406329
6.153 0.385994
6.217 0.366619
6.281 0.348163
6.345 0.330586
6.409 0.313851
6.473 0.297919
6.537 0.282758
6.601 0.26833
6.665 0.254606
6.729 0.241551
6.793 0.229137
6.857 0.217333
6.921 0.206113
6.985 0.195448
7.049 0.185313
7.113 0.175684
7.177 0.166537
7.241 0.157848
7.305 0.149597
7.369 0.141762
7.433 0.134324
7.497 0.127263
7.561 0.120561
7.625 0.114201
7.689 0.108167
7.753 0.102441
7.817 0.0970103
7.881 0.0918588
8.009 0.0823403
8.137 0.0737831
8.265 0.0660935
8.393 0.0591866
8.521 0.0529853
8.649 0.0474197
8.777 0.0424267
8.905 0.0379489
9.033 0.0339347
9.161 0.0303373
9.289 0.0271144
9.417 0.0242281
9.545 0.0216439
9.673 0.019331
9.801 0.0172614
9.929 0.01541
10.057 0.0137544
10.185 0.0122741
10.313 0.010951
10.441 0.00976869
10.569 0.00871237
10.697 0.00776886
10.825 0.00692631
10.953 0.00617407
11.081 0.00550261
11.209 0.00490337
11.337 0.00436869
11.465 0.00389171
11.593 0.00346628
11.721 0.00308691
11.849 0.00274865
11.977 0.00244712
12.105 0.00217837
12.233 0.00193887
12.361 0.00172547
12.489 0.00153537
12.745 0.00121524
13.001 0.000961396
13.257 0.000760226
13.513 0.000600886
13.769 0.000474742
14.025 0.000374927
14.281 0.000295983
14.537 0.000233573
14.793 0.000184257
15.049 0.000145302
15.305 0.000114545
15.561 9.02689e-05
15.817 7.11157e-05
