0 0.01
0.001 -0.0049856
0.003 -0.0342875
0.005 -0.0627164
0.007 -0.0902944
0.009 -0.117042
0.011 -0.142978
0.013 -0.16812
0.015 -0.192486
0.017 -0.21609
0.019 -0.238948
0.021 -0.261073
0.023 -0.282479
0.025 -0.303177
0.027 -0.323179
0.029 -0.342496
0.031 -0.361138
0.033 -0.379115
0.035 -0.396437
0.037 -0.413113
0.039 -0.429151
0.041 -0.44456
0.043 -0.459348
0.045 -0.473522
0.047 -0.487091
0.049 -0.500062
0.051 -0.512441
0.053 -0.524238
0.055 -0.535458
0.057 -0.546108
0.059 -0.556196
0.061 -0.565729
0.063 -0.574713
0.065 -0.583156
0.067 -0.591064
0.069 -0.598445
0.071 -0.605305
0.073 -0.611651
0.075 -0.617491
0.077 -0.622832
0.079 -0.62768
0.081 -0.632043
0.083 -0.635929
0.085 -0.639344
0.089 -0.644793
0.093 -0.648452
0.097 -0.650381
0.101 -0.650644
0.105 -0.649303
0.109 -0.646425
0.113 -0.642073
0.117 -0.636315
0.121 -0.629217
0.125 -0.620847
0.129 -0.611272
0.133 -0.60056
0.137 -0.588779
0.141 -0.575996
0.145 -0.562278
0.149 -0.547693
0.153 -0.532306
0.157 -0.516183
0.161 -0.499388
0.165 -0.481985
0.169 -0.464036
0.173 -0.445601
0.177 -0.426741
0.181 -0.407513
0.185 -0.387975
0.189 -0.368181
0.193 -0.348184
0.197 -0.328037
0.201 -0.307789
0.205 -0.287487
0.209 -0.267178
0.213 -0.246907
0.217 -0.226714
0.221 -0.206642
0.225 -0.186727
0.229 -0.167007
0.233 -0.147516
0.237 -0.128286
0.241 -0.109349
0.245 -0.0907318
0.249 -0.0724627
0.253 -0.0545664
0.257 -0.0370658
0.261 -0.0199826
0.265 -0.00333621
0.269 0.0128553
0.273 0.0285758
0.277 0.0438106
0.281 0.0585468
0.285 0.0727728
0.289 0.0864786
0.293 0.0996558
0.297 0.112297
0.301 0.124397
0.305 0.135951
0.309 0.146956
0.313 0.157409
0.317 0.16731
0.321 0.176659
0.325 0.185458
0.329 0.193708
0.333 0.201413
0.337 0.208576
0.341 0.215204
0.345 0.221301
0.349 0.226874
0.353 0.23193
0.357 0.236477
0.361 0.240523
0.365 0.244078
0.369 0.24715
0.373 0.249751
0.377 0.251889
0.381 0.253577
0.385 0.254825
0.389 0.255644
0.393 0.256047
0.397 0.256046
0.401 0.255652
0.405 0.254878
0.409 0.253737
0.413 0.252241
0.417 0.250403
0.421 0.248236
0.425 0.245753
0.429 0.242966
0.433 0.239889
0.437 0.236534
0.441 0.232914
0.445 0.229041
0.449 0.224929
0.453 0.22059
0.457 0.216036
0.461 0.211279
0.465 0.206332
0.469 0.201206
0.473 0.195913
0.477 0.190465
0.481 0.184872
0.485 0.179147
0.489 0.173299
0.493 0.16734
0.497 0.161279
0.505 0.148896
0.513 0.136226
0.521 0.123346
0.529 0.110324
0.537 0.0972271
0.545 0.0841167
0.553 0.0710502
0.561 0.0580808
0.569 0.0452577
0.577 0.0326259
0.585 0.0202264
0.593 0.00809634
0.601 -0.00373076
0.609 -0.0152251
0.617 -0.0263604
0.625 -0.0371135
0.633 -0.0474646
0.641 -0.0573969
0.649 -0.0668965
0.657 -0.075952
0.665 -0.0845547
0.673 -0.0926983
0.681 -0.100379
0.689 -0.107594
0.697 -0.114344
0.705 -0.12063
0.713 -0.126456
0.721 -0.131826
0.729 -0.136747
0.737 -0.141226
0.745 -0.145272
0.753 -0.148893
0.761 -0.152102
0.769 -0.154908
0.777 -0.157324
0.785 -0.159362
0.793 -0.161035
0.801 -0.162356
0.809 -0.16334
0.817 -0.163999
0.825 -0.164348
0.833 -0.164401
0.841 -0.164172
0.849 -0.163675
0.857 -0.162925
0.865 -0.161936
0.873 -0.16072
0.881 -0.159293
0.889 -0.157668
0.897 -0.155856
0.905 -0.153873
0.913 -0.15173
0.921 -0.149439
0.929 -0.147012
0.937 -0.144462
0.945 -0.141798
0.953 -0.139033
0.961 -0.136176
0.969 -0.133237
0.977 -0.130226
0.985 -0.127153
1.001 -0.120853
1.017 -0.114404
1.025 -0.111142
1.033 -0.107864
1.041 -0.104577
1.049 -0.101288
1.057 -0.098001
1.065 -0.0947225
1.073 -0.0914573
1.081 -0.0882103
1.089 -0.0849858
1.097 -0.0817881
1.105 -0.0786208
1.113 -0.0754875
1.121 -0.0723915
1.129 -0.0693358
1.137 -0.0663231
1.145 -0.0633558
1.153 -0.0604362
1.161 -0.0575663
1.169 -0.0547479
1.177 -0.0519826
1.185 -0.0492719
1.193 -0.0466168
1.201 -0.0440184
1.209 -0.0414776
1.217 -0.0389952
1.225 -0.0365716
1.233 -0.0342073
1.241 -0.0319025
1.249 -0.0296575
1.257 -0.0274723
1.265 -0.0253469
1.273 -0.023281
1.281 -0.0212744
1.289 -0.0193268
1.297 -0.0174378
1.313 -0.0138334
1.329 -0.0104565
1.345 -0.00730139
1.361 -0.00436177
1.377 -0.00163058
1.393 0.000899661
1.409 0.00323681
1.425 0.00538898
1.441 0.00736444
1.457 0.00917157
1.473 0.0108187
1.489 0.0123143
1.505 0.0136665
1.521 0.0148834
1.537 0.015973
1.553 0.016943
1.569 0.0178008
1.585 0.0185538
1.601 0.0192088
1.617 0.0197727
1.633 0.0202518
1.649 0.0206522
1.665 0.0209797
1.681 0.02124
1.697 0.0214382
1.713 0.0215794
1.729 0.0216683
1.745 0.0217092
1.761 0.0217063
1.777 0.0216636
1.793 0.0215848
1.809 0.0214731
1.825 0.021332
1.841 0.0211643
1.857 0.0209728
1.873 0.0207601
1.889 0.0205287
1.905 0.0202807
1.921 0.0200182
1.937 0.0197432
1.953 0.0194573
1.969 0.0191622
1.985 0.0188594
2.001 0.0185502
2.017 0.0182359
2.033 0.0179176
2.049 0.0175964
2.065 0.0172732
2.081 0.0169489
2.097 0.0166243
2.129 0.0159767
2.161 0.0153353
2.193 0.014704
2.225 0.0140859
2.257 0.0134833
2.289 0.012898
2.321 0.0123314
2.353 0.0117842
2.385 0.0112571
2.417 0.0107504
2.449 0.0102641
2.481 0.00979797
2.513 0.00935185
2.545 0.00892532
2.577 0.00851788
2.609 0.00812899
2.641 0.00775804
2.673 0.00740441
2.705 0.00706744
2.737 0.00674647
2.769 0.00644083
2.801 0.00614985
2.833 0.00587289
2.865 0.0056093
2.897 0.00535846
2.929 0.00511976
2.961 0.00489262
2.993 0.00467646
3.057 0.00427498
3.121 0.00391124
3.185 0.00358152
3.249 0.00328247
3.313 0.00301103
3.377 0.00276446
3.441 0.00254028
3.505 0.00233629
3.569 0.00215049
3.633 0.0019811
3.697 0.00182653
3.761 0.00168534
3.825 0.00155626
3.889 0.00143813
3.953 0.00132992
4.017 0.0012307
4.081 0.00113965
4.145 0.00105602
4.209 0.000979124
4.273 0.000908371
4.337 0.000843213
4.401 0.000783156
4.465 0.000727757
4.529 0.000676615
4.593 0.000629368
4.657 0.000585686
4.721 0.000545273
4.785 0.000507858
4.849 0.000473197
4.913 0.000441066
4.977 0.000411263
5.041 0.000383603
5.105 0.000357918
5.169 0.000334054
5.297 0.000291239
5.425 0.000254174
5.553 0.00022203
5.681 0.000194111
5.809 0.000169827
5.937 0.000148678
6.065 0.000130239
6.193 0.000114145
6.321 0.000100085
6.449 8.77925e-05
6.577 7.70375e-05
6.705 6.76214e-05
6.833 5.93728e-05
6.961 5.21433e-05
7.089 4.58041e-05
7.217 4.02433e-05
7.345 3.53636e-05
7.473 3.10803e-05
7.601 2.73194e-05
7.729 2.40164e-05
7.857 2.11149e-05
7.985 1.85656e-05
8.113 1.63254e-05
8.241 1.43566e-05
8.497 1.11046e-05
8.753 8.59097e-06
9.009 6.64729e-06
9.265 5.14396e-06
9.521 3.98097e-06
9.777 3.08114e-06
