0 -0.01
0.001 -0.0144622
0.003 -0.0232358
0.005 -0.0318115
0.007 -0.0401931
0.009 -0.0483841
0.011 -0.0563876
0.013 -0.0642065
0.015 -0.0718436
0.017 -0.0793014
0.019 -0.0865821
0.021 -0.0936878
0.023 -0.100621
0.025 -0.107382
0.027 -0.113974
0.029 -0.120399
0.031 -0.126657
0.033 -0.13275
0.035 -0.13868
0.037 -0.144447
0.039 -0.150054
0.041 -0.1555
0.043 -0.160788
0.045 -0.165918
0.047 -0.170892
0.049 -0.175711
0.051 -0.180375
0.053 -0.184886
0.055 -0.189245
0.057 -0.193453
0.059 -0.197511
0.061 -0.20142
0.063 -0.205182
0.065 -0.208797
0.067 -0.212267
0.069 -0.215592
0.071 -0.218775
0.073 -0.221817
0.075 -0.224718
0.077 -0.22748
0.079 -0.230105
0.081 -0.232593
0.083 -0.234947
0.085 -0.237168
0.089 -0.241215
0.093 -0.244749
0.097 -0.247781
0.101 -0.250325
0.105 -0.252397
0.109 -0.254009
0.113 -0.255178
0.117 -0.255918
0.121 -0.256246
0.125 -0.256178
0.129 -0.25573
0.133 -0.25492
0.137 -0.253763
0.141 -0.252277
0.145 -0.250479
0.149 -0.248387
0.153 -0.246018
0.157 -0.243388
0.161 -0.240515
0.165 -0.237416
0.169 -0.234108
0.173 -0.230607
0.177 -0.22693
0.181 -0.223094
0.185 -0.219113
0.189 -0.215005
0.193 -0.210783
0.197 -0.206463
0.201 -0.20206
0.205 -0.197588
0.209 -0.19306
0.213 -0.18849
0.217 -0.183892
0.221 -0.179276
0.225 -0.174657
0.229 -0.170044
0.233 -0.16545
0.237 -0.160885
0.241 -0.156358
0.245 -0.151881
0.249 -0.147462
0.253 -0.143111
0.257 -0.138834
0.261 -0.13464
0.265 -0.130538
0.269 -0.126532
0.273 -0.122631
0.277 -0.11884
0.281 -0.115164
0.285 -0.11161
0.289 -0.10818
0.293 -0.104881
0.297 -0.101716
0.301 -0.0986883
0.305 -0.0958011
0.309 -0.0930572
0.313 -0.0904592
0.317 -0.0880091
0.321 -0.0857086
0.325 -0.0835591
0.329 -0.0815618
0.333 -0.0797175
0.337 -0.0780265
0.341 -0.0764892
0.345 -0.0751054
0.349 -0.073875
0.353 -0.0727972
0.357 -0.0718714
0.361 -0.0710964
0.365 -0.0704711
0.369 -0.0699941
0.373 -0.0696637
0.377 -0.0694781
0.381 -0.0694354
0.385 -0.0695335
0.389 -0.06977
0.393 -0.0701426
0.397 -0.0706487
0.401 -0.0712858
0.405 -0.0720509
0.409 -0.0729414
0.413 -0.0739542
0.417 -0.0750863
0.421 -0.0763346
0.425 -0.0776959
0.429 -0.0791671
0.433 -0.0807448
0.437 -0.0824257
0.441 -0.0842065
0.445 -0.0860837
0.449 -0.0880541
0.453 -0.0901141
0.457 -0.0922603
0.461 -0.0944892
0.465 -0.0967975
0.469 -0.0991817
0.473 -0.101638
0.477 -0.104164
0.481 -0.106755
0.485 -0.109409
0.489 -0.112121
0.493 -0.114889
0.497 -0.117709
0.505 -0.123493
0.513 -0.129448
0.521 -0.135548
0.529 -0.141769
0.537 -0.148088
0.545 -0.154483
0.553 -0.160932
0.561 -0.167415
0.569 -0.173911
0.577 -0.180402
0.585 -0.186871
0.593 -0.1933
0.601 -0.199675
0.609 -0.205981
0.617 -0.212204
0.625 -0.218331
0.633 -0.22435
0.641 -0.230252
0.649 -0.236026
0.657 -0.241663
0.665 -0.247154
0.673 -0.252494
0.681 -0.257675
0.689 -0.262692
0.697 -0.267539
0.705 -0.272213
0.713 -0.276709
0.721 -0.281026
0.729 -0.28516
0.737 -0.28911
0.745 -0.292875
0.753 -0.296454
0.761 -0.299846
0.769 -0.303053
0.777 -0.306074
0.785 -0.308911
0.793 -0.311565
0.801 -0.314038
0.809 -0.316332
0.817 -0.318449
0.825 -0.320392
0.833 -0.322163
0.841 -0.323766
0.849 -0.325204
0.857 -0.32648
0.865 -0.327597
0.873 -0.32856
0.881 -0.329372
0.889 -0.330036
0.897 -0.330558
0.905 -0.33094
0.913 -0.331186
0.921 -0.331302
0.929 -0.33129
0.937 -0.331156
0.945 -0.330902
0.953 -0.330534
0.961 -0.330054
0.969 -0.329468
0.977 -0.328779
0.985 -0.327992
1.001 -0.326135
1.017 -0.32393
1.025 -0.322706
1.033 -0.321405
1.041 -0.320032
1.049 -0.31859
1.057 -0.317083
1.065 -0.315512
1.073 -0.313883
1.081 -0.312197
1.089 -0.310459
1.097 -0.308671
1.105 -0.306835
1.113 -0.304956
1.121 -0.303035
1.129 -0.301075
1.137 -0.299079
1.145 -0.297049
1.153 -0.294988
1.161 -0.292898
1.169 -0.290782
1.177 -0.28864
1.185 -0.286477
1.193 -0.284293
1.201 -0.282091
1.209 -0.279872
1.217 -0.277638
1.225 -0.275392
1.233 -0.273134
1.241 -0.270866
1.249 -0.26859
1.257 -0.266308
1.265 -0.26402
1.273 -0.261728
1.281 -0.259434
1.289 -0.257138
1.297 -0.254842
1.313 -0.250253
1.329 -0.245677
1.345 -0.241119
1.361 -0.236588
1.377 -0.232089
1.393 -0.227628
1.409 -0.22321
1.425 -0.218839
1.441 -0.214518
1.457 -0.210252
1.473 -0.206043
1.489 -0.201893
1.505 -0.197805
1.521 -0.19378
1.537 -0.18982
1.553 -0.185926
1.569 -0.182099
1.585 -0.178339
1.601 -0.174648
1.617 -0.171025
1.633 -0.16747
1.649 -0.163983
1.665 -0.160565
1.681 -0.157214
1.697 -0.15393
1.713 -0.150714
1.729 -0.147563
1.745 -0.144478
1.761 -0.141457
1.777 -0.1385
1.793 -0.135606
1.809 -0.132774
1.825 -0.130003
1.841 -0.127292
1.857 -0.12464
1.873 -0.122046
1.889 -0.119509
1.905 -0.117027
1.921 -0.1146
1.937 -0.112227
1.953 -0.109906
1.969 -0.107637
1.985 -0.105419
2.001 -0.103249
2.017 -0.101128
2.033 -0.0990546
2.049 -0.0970271
2.065 -0.0950447
2.081 -0.0931066
2.097 -0.0912117
2.129 -0.0875475
2.161 -0.0840447
2.193 -0.0806957
2.225 -0.0774936
2.257 -0.0744314
2.289 -0.0715028
2.321 -0.0687014
2.353 -0.0660214
2.385 -0.0634569
2.417 -0.0610026
2.449 -0.0586532
2.481 -0.056404
2.513 -0.0542501
2.545 -0.0521872
2.577 -0.0502109
2.609 -0.0483173
2.641 -0.0465025
2.673 -0.0447629
2.705 -0.0430951
2.737 -0.0414956
2.769 -0.0399615
2.801 -0.0384897
2.833 -0.0370774
2.865 -0.035722
2.897 -0.0344209
2.929 -0.0331716
2.961 -0.0319719
2.993 -0.0308196
3.057 -0.0286488
3.121 -0.0266439
3.185 -0.0247907
3.249 -0.0230765
3.313 -0.0214899
3.377 -0.0200205
3.441 -0.0186586
3.505 -0.0173956
3.569 -0.0162237
3.633 -0.0151356
3.697 -0.0141249
3.761 -0.0131856
3.825 -0.0123121
3.889 -0.0114996
3.953 -0.0107433
4.017 -0.0100391
4.081 -0.00938314
4.145 -0.0087719
4.209 -0.00820209
4.273 -0.00767074
4.337 -0.00717507
4.401 -0.00671255
4.465 -0.00628083
4.529 -0.00587775
4.593 -0.0055013
4.657 -0.00514964
4.721 -0.00482105
4.785 -0.00451396
4.849 -0.00422689
4.913 -0.00395849
4.977 -0.00370749
5.041 -0.00347272
5.105 -0.0032531
5.169 -0.00304761
5.297 -0.00267536
5.425 -0.00234921
5.553 -0.00206331
5.681 -0.00181258
5.809 -0.00159262
5.937 -0.00139957
6.065 -0.00123011
6.193 -0.0010813
6.321 -0.0009506
6.449 -0.000835781
6.577 -0.000734894
6.705 -0.000646234
6.833 -0.000568309
6.961 -0.00049981
7.089 -0.000439591
7.217 -0.000386644
7.345 -0.000340089
7.473 -0.00029915
7.601 -0.000263148
7.729 -0.000231484
7.857 -0.000203636
7.985 -0.000179142
8.113 -0.000157597
8.241 -0.000138645
8.497 -0.000107311
8.753 -8.30616e-05
9.009 -6.42944e-05
9.265 -4.97689e-05
9.521 -3.85259e-05
9.777 -2.98231e-05
