0 0.1
0.001 0.100002
0.003 0.0999631
0.005 0.0998659
0.007 0.0997128
0.009 0.0995053
0.011 0.0992451
0.013 0.0989339
0.015 0.0985732
0.017 0.0981645
0.019 0.0977093
0.021 0.0972092
0.023 0.0966655
0.025 0.0960797
0.027 0.0954533
0.029 0.0947875
0.031 0.0940837
0.033 0.0933434
0.035 0.0925677
0.037 0.091758
0.039 0.0909157
0.041 0.0900419
0.043 0.0891378
0.045 0.0882049
0.047 0.0872442
0.049 0.0862569
0.051 0.0852443
0.053 0.0842075
0.055 0.0831477
0.057 0.0820661
0.059 0.0809637
0.061 0.0798417
0.063 0.0787011
0.065 0.0775432
0.067 0.0763689
0.069 0.0751793
0.071 0.0739754
0.073 0.0727584
0.075 0.0715292
0.077 0.0702888
0.079 0.0690382
0.081 0.0677784
0.083 0.0665103
0.085 0.065235
0.089 0.0626661
0.093 0.060079
0.097 0.0574808
0.101 0.0548782
0.105 0.0522778
0.109 0.0496858
0.113 0.0471083
0.117 0.0445511
0.121 0.0420196
0.125 0.0395191
0.129 0.0370544
0.133 0.0346304
0.137 0.0322514
0.141 0.0299215
0.145 0.0276447
0.149 0.0254244
0.153 0.0232642
0.157 0.021167
0.161 0.0191356
0.165 0.0171727
0.169 0.0152805
0.173 0.013461
0.177 0.0117162
0.181 0.0100476
0.185 0.00845653
0.189 0.00694414
0.193 0.00551135
0.197 0.00415887
0.201 0.00288719
0.205 0.00169663
0.209 0.000587303
0.213 -0.000440848
0.217 -0.00138806
0.221 -0.00225472
0.225 -0.0030414
0.229 -0.0037488
0.233 -0.00437777
0.237 -0.00492928
0.241 -0.00540445
0.245 -0.0058045
0.249 -0.00613076
0.253 -0.00638469
0.257 -0.00656782
0.261 -0.00668178
0.265 -0.00672827
0.269 -0.00670907
0.273 -0.00662605
0.277 -0.00648112
0.281 -0.00627623
0.285 -0.00601342
0.289 -0.00569474
0.293 -0.0053223
0.297 -0.00489821
0.301 -0.00442464
0.305 -0.00390376
0.309 -0.00333777
0.313 -0.00272885
0.317 -0.00207923
0.321 -0.00139111
0.325 -0.000666691
0.329 9.18226e-05
0.333 0.000882245
0.337 0.0017024
0.341 0.00255014
0.345 0.00342333
0.349 0.00431985
0.353 0.00523763
0.357 0.00617461
0.361 0.00712877
0.365 0.00809814
0.369 0.00908075
0.373 0.0100747
0.377 0.0110781
0.381 0.0120892
0.385 0.0131062
0.389 0.0141273
0.393 0.0151508
0.397 0.0161751
0.401 0.0171986
0.405 0.0182198
0.409 0.0192371
0.413 0.0202492
0.417 0.0212546
0.421 0.022252
0.425 0.0232401
0.429 0.0242176
0.433 0.0251834
0.437 0.0261364
0.441 0.0270753
0.445 0.0279993
0.449 0.0289074
0.453 0.0297985
0.457 0.0306718
0.461 0.0315265
0.465 0.0323618
0.469 0.0331769
0.473 0.0339712
0.477 0.034744
0.481 0.0354947
0.485 0.0362228
0.489 0.0369277
0.493 0.037609
0.497 0.0382663
0.505 0.0395072
0.513 0.0406479
0.521 0.0416863
0.529 0.042621
0.537 0.0434513
0.545 0.0441766
0.553 0.0447973
0.561 0.0453137
0.569 0.0457269
0.577 0.0460383
0.585 0.0462496
0.593 0.0463627
0.601 0.0463799
0.609 0.0463039
0.617 0.0461373
0.625 0.0458831
0.633 0.0455445
0.641 0.0451248
0.649 0.0446273
0.657 0.0440557
0.665 0.0434133
0.673 0.042704
0.681 0.0419314
0.689 0.0410992
0.697 0.0402111
0.705 0.0392709
0.713 0.0382823
0.721 0.0372489
0.729 0.0361743
0.737 0.0350621
0.745 0.0339158
0.753 0.0327389
0.761 0.0315346
0.769 0.0303063
0.777 0.0290571
0.785 0.0277901
0.793 0.0265083
0.801 0.0252145
0.809 0.0239115
0.817 0.0226019
0.825 0.0212884
0.833 0.0199732
0.841 0.0186587
0.849 0.0173471
0.857 0.0160406
0.865 0.014741
0.873 0.0134502
0.881 0.01217
0.889 0.010902
0.897 0.00964782
0.905 0.0084088
0.913 0.00718628
0.921 0.00598151
0.929 0.00479562
0.937 0.00362965
0.945 0.00248454
0.953 0.00136115
0.961 0.000260261
0.969 -0.00081744
0.977 -0.00187134
0.985 -0.00290089
1.001 -0.00488519
1.017 -0.00676741
1.025 -0.0076696
1.033 -0.00854563
1.041 -0.00939541
1.049 -0.0102189
1.057 -0.011016
1.065 -0.0117869
1.073 -0.0125316
1.081 -0.0132503
1.089 -0.013943
1.097 -0.0146101
1.105 -0.0152517
1.113 -0.0158681
1.121 -0.0164596
1.129 -0.0170265
1.137 -0.0175691
1.145 -0.0180878
1.153 -0.0185829
1.161 -0.0190549
1.169 -0.0195041
1.177 -0.019931
1.185 -0.020336
1.193 -0.0207195
1.201 -0.021082
1.209 -0.021424
1.217 -0.0217458
1.225 -0.022048
1.233 -0.0223311
1.241 -0.0225955
1.249 -0.0228417
1.257 -0.0230702
1.265 -0.0232814
1.273 -0.0234759
1.281 -0.0236541
1.289 -0.0238165
1.297 -0.0239635
1.313 -0.0242133
1.329 -0.0244074
1.345 -0.0245491
1.361 -0.0246422
1.377 -0.0246898
1.393 -0.0246954
1.409 -0.0246621
1.425 -0.0245928
1.441 -0.0244906
1.457 -0.024358
1.473 -0.0241979
1.489 -0.0240127
1.505 -0.0238046
1.521 -0.023576
1.537 -0.023329
1.553 -0.0230656
1.569 -0.0227875
1.585 -0.0224965
1.601 -0.0221943
1.617 -0.0218823
1.633 -0.021562
1.649 -0.0212347
1.665 -0.0209015
1.681 -0.0205637
1.697 -0.0202222
1.713 -0.0198779
1.729 -0.0195319
1.745 -0.0191848
1.761 -0.0188374
1.777 -0.0184904
1.793 -0.0181444
1.809 -0.0177999
1.825 -0.0174574
1.841 -0.0171174
1.857 -0.0167803
1.873 -0.0164464
1.889 -0.0161161
1.905 -0.0157896
1.921 -0.0154671
1.937 -0.015149
1.953 -0.0148354
1.969 -0.0145265
1.985 -0.0142223
2.001 -0.013923
2.017 -0.0136287
2.033 -0.0133395
2.049 -0.0130553
2.065 -0.0127764
2.081 -0.0125026
2.097 -0.012234
2.129 -0.0117124
2.161 -0.0112114
2.193 -0.0107309
2.225 -0.0102703
2.257 -0.00982919
2.289 -0.00940713
2.321 -0.00900352
2.353 -0.00861772
2.385 -0.00824911
2.417 -0.00789705
2.449 -0.00756087
2.481 -0.00723993
2.513 -0.00693359
2.545 -0.0066412
2.577 -0.00636216
2.609 -0.00609586
2.641 -0.00584171
2.673 -0.00559916
2.705 -0.00536765
2.737 -0.00514667
2.769 -0.00493572
2.801 -0.0047343
2.833 -0.00454198
2.865 -0.0043583
2.897 -0.00418285
2.929 -0.00401523
2.961 -0.00385506
2.993 -0.00370198
3.057 -0.00341575
3.121 -0.00315398
3.185 -0.00291438
3.249 -0.00269489
3.313 -0.00249364
3.377 -0.00230895
3.441 -0.00213931
3.505 -0.00198336
3.569 -0.00183988
3.633 -0.00170775
3.697 -0.00158598
3.761 -0.00147367
3.825 -0.00137
3.889 -0.00127424
3.953 -0.00118571
4.017 -0.00110381
4.081 -0.001028
4.145 -0.000957781
4.209 -0.000892691
4.273 -0.000832322
4.337 -0.0007763
4.401 -0.000724282
4.465 -0.000675957
4.529 -0.000631038
4.593 -0.000589267
4.657 -0.000550403
4.721 -0.000514229
4.785 -0.000480545
4.849 -0.000449165
4.913 -0.000419921
4.977 -0.000392659
5.041 -0.000367234
5.105 -0.000343515
5.169 -0.000321382
5.297 -0.000281429
5.425 -0.00024658
5.553 -0.000216151
5.681 -0.00018956
5.809 -0.000166304
5.937 -0.000145951
6.065 -0.000128127
6.193 -0.00011251
6.321 -9.88194e-05
6.449 -8.68129e-05
6.577 -7.62791e-05
6.705 -6.70342e-05
6.833 -5.89183e-05
6.961 -5.17914e-05
7.089 -4.55317e-05
7.217 -4.00324e-05
7.345 -3.52004e-05
7.473 -3.09539e-05
7.601 -2.72216e-05
7.729 -2.39406e-05
7.857 -2.10563e-05
7.985 -1.85202e-05
8.113 -1.62903e-05
8.241 -1.43294e-05
8.497 -1.10883e-05
8.753 -8.58119e-06
9.009 -6.64143e-06
9.265 -5.14044e-06
9.521 -3.97887e-06
9.777 -3.07987e-06
