0 1
0.001 1.00008
0.003 1.00015
0.005 1.00008
0.007 0.99988
0.009 0.999548
0.011 0.999086
0.013 0.998495
0.015 0.997776
0.017 0.996931
0.019 0.995959
0.021 0.994863
0.023 0.993644
0.025 0.992302
0.027 0.990839
0.029 0.989255
0.031 0.987553
0.033 0.985732
0.035 0.983794
0.037 0.98174
0.039 0.979571
0.041 0.977288
0.043 0.974892
0.045 0.972384
0.047 0.969765
0.049 0.967036
0.051 0.964199
0.053 0.961254
0.055 0.958201
0.057 0.955043
0.059 0.951781
0.061 0.948414
0.063 0.944945
0.065 0.941374
0.067 0.937702
0.069 0.93393
0.071 0.93006
0.073 0.926092
0.075 0.922028
0.077 0.917868
0.079 0.913613
0.081 0.909265
0.083 0.904824
0.085 0.900292
0.087 0.89567
0.089 0.890958
0.091 0.886158
0.093 0.881271
0.095 0.876298
0.097 0.871241
0.099 0.866099
0.101 0.860875
0.103 0.855569
0.105 0.850183
0.107 0.844718
0.109 0.839175
0.111 0.833555
0.113 0.827859
0.115 0.822089
0.117 0.816246
0.121 0.804344
0.125 0.792163
0.129 0.779714
0.131 0.773392
0.133 0.767007
0.135 0.76056
0.137 0.754052
0.139 0.747485
0.141 0.740859
0.143 0.734177
0.145 0.72744
0.147 0.720648
0.149 0.713803
0.151 0.706908
0.153 0.699962
0.155 0.692967
0.157 0.685925
0.159 0.678837
0.161 0.671704
0.163 0.664528
0.165 0.65731
0.167 0.650052
0.169 0.642754
0.171 0.635419
0.173 0.628047
0.175 0.62064
0.177 0.6132
0.179 0.605727
0.181 0.598224
0.183 0.590691
0.185 0.583129
0.187 0.575541
0.189 0.567928
0.191 0.56029
0.193 0.55263
0.195 0.544948
0.197 0.537246
0.199 0.529526
0.201 0.521788
0.203 0.514033
0.205 0.506264
0.207 0.498482
0.209 0.490687
0.211 0.482881
0.213 0.475065
0.215 0.467241
0.217 0.45941
0.219 0.451573
0.221 0.443731
0.223 0.435885
0.225 0.428037
0.227 0.420188
0.229 0.412338
0.231 0.40449
0.233 0.396644
0.235 0.388801
0.237 0.380963
0.239 0.37313
0.241 0.365304
0.243 0.357486
0.245 0.349676
0.247 0.341876
0.249 0.334087
0.251 0.326309
0.253 0.318545
0.255 0.310794
0.257 0.303057
0.259 0.295336
0.261 0.287632
0.263 0.279945
0.265 0.272276
0.267 0.264626
0.269 0.256996
0.271 0.249387
0.273 0.2418
0.275 0.234235
0.277 0.226693
0.279 0.219175
0.281 0.211682
0.283 0.204214
0.285 0.196772
0.287 0.189356
0.289 0.181969
0.291 0.174609
0.293 0.167278
0.295 0.159976
0.297 0.152705
0.299 0.145464
0.301 0.138254
0.303 0.131075
0.305 0.123929
0.307 0.116816
0.309 0.109736
0.311 0.10269
0.313 0.0956777
0.315 0.0887004
0.317 0.0817583
0.319 0.0748518
0.321 0.0679814
0.323 0.0611474
0.325 0.0543502
0.327 0.0475903
0.329 0.040868
0.331 0.0341837
0.333 0.0275376
0.335 0.0209302
0.337 0.0143618
0.339 0.00783259
0.341 0.00134296
0.343 -0.00510683
0.347 -0.0178858
0.351 -0.0305023
0.355 -0.0429545
0.359 -0.0552408
0.363 -0.0673595
0.367 -0.0793093
0.371 -0.091089
0.375 -0.102698
0.379 -0.114134
0.383 -0.125398
0.387 -0.136488
0.391 -0.147403
0.395 -0.158145
0.399 -0.168711
0.403 -0.179102
0.407 -0.189318
0.411 -0.199358
0.415 -0.209224
0.419 -0.218914
0.423 -0.228429
0.427 -0.237769
0.431 -0.246935
0.435 -0.255927
0.439 -0.264745
0.443 -0.27339
0.447 -0.281863
0.451 -0.290164
0.455 -0.298294
0.459 -0.306254
0.463 -0.314044
0.467 -0.321664
0.471 -0.329117
0.475 -0.336403
0.479 -0.343522
0.483 -0.350477
0.487 -0.357266
0.491 -0.363892
0.495 -0.370356
0.499 -0.376658
0.503 -0.3828
0.507 -0.388782
0.511 -0.394606
0.515 -0.400273
0.519 -0.405784
0.523 -0.41114
0.527 -0.416341
0.531 -0.421391
0.535 -0.426288
0.539 -0.431035
0.543 -0.435632
0.547 -0.440082
0.551 -0.444384
0.555 -0.448541
0.559 -0.452553
0.563 -0.456422
0.567 -0.460148
0.571 -0.463733
0.575 -0.467179
0.579 -0.470486
0.583 -0.473656
0.587 -0.476689
0.591 -0.479587
0.595 -0.482352
0.599 -0.484985
0.603 -0.487486
0.607 -0.489857
0.611 -0.492099
0.615 -0.494214
0.619 -0.496203
0.623 -0.498067
0.627 -0.499807
0.631 -0.501425
0.635 -0.502922
0.639 -0.504299
0.643 -0.505558
0.647 -0.5067
0.651 -0.507725
0.655 -0.508637
0.659 -0.509435
0.663 -0.510121
0.667 -0.510697
0.671 -0.511164
0.675 -0.511523
0.679 -0.511776
0.683 -0.511923
0.687 -0.511968
0.691 -0.51191
0.695 -0.511751
0.699 -0.511494
0.703 -0.511138
0.707 -0.510686
0.711 -0.510139
0.715 -0.509499
0.719 -0.508767
0.723 -0.507944
0.727 -0.507033
0.731 -0.506034
0.735 -0.504949
0.739 -0.50378
0.743 -0.502528
0.747 -0.501195
0.755 -0.498292
0.763 -0.495083
0.771 -0.491581
0.779 -0.487798
0.787 -0.483749
0.795 -0.479446
0.803 -0.474902
0.811 -0.470131
0.819 -0.465146
0.827 -0.45996
0.835 -0.454587
0.843 -0.44904
0.851 -0.443331
0.859 -0.437475
0.867 -0.431483
0.875 -0.425369
0.883 -0.419145
0.891 -0.412824
0.899 -0.406417
0.907 -0.399936
0.915 -0.393393
0.923 -0.386799
0.931 -0.380165
0.935 -0.376836
0.939 -0.373501
0.943 -0.370161
0.947 -0.366818
0.951 -0.363471
0.955 -0.360124
0.959 -0.356776
0.963 -0.353429
0.967 -0.350085
0.971 -0.346743
0.975 -0.343405
0.979 -0.340073
0.983 -0.336747
0.987 -0.333428
0.991 -0.330116
0.995 -0.326814
0.999 -0.323521
1.003 -0.32024
1.007 -0.316969
1.011 -0.313711
1.015 -0.310465
1.019 -0.307234
1.023 -0.304017
1.027 -0.300815
1.031 -0.297628
1.035 -0.294458
1.039 -0.291306
1.043 -0.28817
1.047 -0.285053
1.051 -0.281954
1.055 -0.278875
1.059 -0.275815
1.063 -0.272775
1.067 -0.269756
1.071 -0.266757
1.075 -0.26378
1.079 -0.260825
1.083 -0.257891
1.087 -0.25498
1.091 -0.252091
1.095 -0.249225
1.099 -0.246382
1.103 -0.243562
1.107 -0.240766
1.111 -0.237994
1.115 -0.235246
1.119 -0.232521
1.123 -0.229821
1.127 -0.227145
1.131 -0.224494
1.135 -0.221867
1.139 -0.219264
1.143 -0.216687
1.147 -0.214133
1.151 -0.211605
1.155 -0.209101
1.159 -0.206622
1.163 -0.204168
1.167 -0.201739
1.171 -0.199334
1.175 -0.196954
1.179 -0.194598
1.183 -0.192267
1.187 -0.18996
1.191 -0.187678
1.195 -0.18542
1.199 -0.183186
1.203 -0.180976
1.207 -0.17879
1.215 -0.17449
1.223 -0.170283
1.231 -0.16617
1.239 -0.162148
1.247 -0.158216
1.255 -0.154374
1.263 -0.150619
1.271 -0.14695
1.279 -0.143365
1.287 -0.139862
1.295 -0.136441
1.303 -0.133099
1.311 -0.129835
1.319 -0.126647
1.327 -0.123533
1.335 -0.120492
1.343 -0.117522
1.351 -0.11462
1.359 -0.111787
1.367 -0.109019
1.375 -0.106315
1.383 -0.103674
1.391 -0.101094
1.399 -0.0985731
1.407 -0.09611
1.415 -0.0937032
1.423 -0.0913512
1.431 -0.0890525
1.439 -0.0868056
1.447 -0.0846091
1.455 -0.0824616
1.463 -0.0803619
1.471 -0.0783085
1.479 -0.0763003
1.487 -0.0743359
1.495 -0.0724142
1.503 -0.0705339
1.511 -0.0686939
1.519 -0.0668931
1.527 -0.0651304
1.535 -0.0634048
1.543 -0.0617153
1.551 -0.0600607
1.559 -0.0584403
1.567 -0.056853
1.575 -0.055298
1.591 -0.0522813
1.607 -0.0493836
1.623 -0.0465985
1.639 -0.0439204
1.655 -0.0413437
1.671 -0.0388633
1.687 -0.0364746
1.703 -0.0341731
1.719 -0.0319547
1.735 -0.0298154
1.751 -0.0277518
1.767 -0.0257603
1.783 -0.023838
1.799 -0.0219817
1.815 -0.0201888
1.831 -0.0184567
1.847 -0.016783
1.863 -0.0151653
1.879 -0.0136017
1.895 -0.0120899
1.911 -0.0106283
1.927 -0.00921489
1.943 -0.00784811
1.959 -0.00652635
1.975 -0.0052481
1.991 -0.00401193
2.007 -0.00281649
2.023 -0.00166049
2.039 -0.000542713
2.055 0.000538012
2.071 0.0015828
2.087 0.00259272
2.103 0.00356879
2.119 0.00451198
2.135 0.00542325
2.151 0.00630348
2.167 0.00715354
2.183 0.00797428
2.199 0.00876649
2.215 0.00953096
2.231 0.0102684
2.247 0.0109797
2.263 0.0116653
2.279 0.0123261
2.295 0.0129626
2.311 0.0135756
2.327 0.0141656
2.359 0.0152791
2.391 0.0163079
2.423 0.0172562
2.455 0.0181283
2.487 0.0189281
2.519 0.0196593
2.551 0.0203256
2.583 0.0209303
2.615 0.0214766
2.647 0.0219678
2.679 0.0224066
2.711 0.0227961
2.743 0.0231387
2.775 0.0234371
2.807 0.0236937
2.839 0.023911
2.871 0.024091
2.903 0.0242359
2.935 0.0243479
2.967 0.0244287
2.999 0.0244802
3.031 0.0245043
3.063 0.0245025
3.095 0.0244765
3.127 0.0244279
3.159 0.024358
3.191 0.0242683
3.223 0.0241601
3.255 0.0240346
3.287 0.023893
3.319 0.0237365
3.351 0.0235661
3.383 0.023383
3.415 0.0231879
3.447 0.022982
3.479 0.022766
3.511 0.0225409
3.543 0.0223073
3.575 0.0220661
3.607 0.0218179
3.639 0.0215635
3.671 0.0213035
3.703 0.0210385
3.735 0.020769
3.767 0.0204957
3.799 0.0202189
3.831 0.0199393
3.863 0.0196572
3.895 0.0193732
3.927 0.0190875
3.959 0.0188006
3.991 0.0185129
4.023 0.0182246
4.087 0.0176478
4.151 0.0170725
4.215 0.0165007
4.279 0.0159342
4.343 0.0153746
4.407 0.0148231
4.471 0.014281
4.535 0.0137491
4.599 0.0132283
4.663 0.0127192
4.727 0.0122225
4.791 0.0117384
4.855 0.0112675
4.919 0.0108098
4.983 0.0103656
5.047 0.00993488
5.111 0.00951777
5.175 0.00911421
5.239 0.00872412
5.303 0.00834737
5.367 0.00798381
5.431 0.00763325
5.495 0.00729549
5.559 0.00697026
5.623 0.00665733
5.687 0.00635642
5.751 0.00606723
5.815 0.00578947
5.879 0.00552284
5.943 0.00526701
6.007 0.00502169
6.071 0.00478653
6.135 0.00456124
6.199 0.00434549
6.263 0.00413896
6.327 0.00394133
6.391 0.00375231
6.455 0.00357157
6.519 0.00339882
6.583 0.00323377
6.647 0.00307612
6.711 0.00292558
6.775 0.00278189
6.839 0.00264477
6.903 0.00251397
6.967 0.00238921
7.031 0.00227026
7.095 0.00215688
7.159 0.00204883
7.223 0.00194589
7.287 0.00184784
7.351 0.00175447
7.415 0.00166557
7.479 0.00158095
7.543 0.00150042
7.607 0.00142381
7.671 0.00135092
7.735 0.0012816
7.799 0.00121568
7.863 0.00115301
7.927 0.00109344
8.055 0.000983021
8.183 0.000883353
8.311 0.000793444
8.439 0.000712388
8.567 0.000639356
8.695 0.00057359
8.823 0.000514398
8.951 0.000461149
9.079 0.00041327
9.207 0.000370239
9.335 0.000331583
9.463 0.000296871
9.591 0.000265714
9.719 0.000237758
9.847 0.000212684
9.975 0.000190203
10.103 0.000170054
10.231 0.000152001
10.359 0.000135832
10.487 0.000121353
10.615 0.000108393
10.743 9.67954e-05
10.871 8.64199e-05
10.999 7.71403e-05
11.127 6.88431e-05
11.255 6.14261e-05
11.383 5.47975e-05
11.511 4.88751e-05
11.639 4.35848e-05
11.767 3.88602e-05
11.895 3.46417e-05
12.023 3.08759e-05
12.151 2.7515e-05
12.279 2.4516e-05
12.407 2.18404e-05
12.663 1.73256e-05
12.919 1.37361e-05
13.175 1.08843e-05
13.431 8.61993e-06
13.687 6.82321e-06
13.943 5.39838e-06
14.199 4.26911e-06
14.455 3.37456e-06
14.711 2.66633e-06
14.967 2.10587e-06
15.223 1.66257e-06
15.479 1.31209e-06
15.735 1.03511e-06
15.991 8.16323e-07
