0 0.5
0.001 0.467307
0.003 0.402163
0.005 0.337351
0.007 0.272883
0.009 0.208771
0.011 0.145027
0.013 0.0816604
0.015 0.0186827
0.017 -0.0438965
0.019 -0.106067
0.021 -0.167821
0.023 -0.229148
0.025 -0.29004
0.027 -0.350489
0.029 -0.410487
0.031 -0.470027
0.033 -0.5291
0.035 -0.587701
0.037 -0.645821
0.039 -0.703456
0.041 -0.760599
0.043 -0.817243
0.045 -0.873384
0.047 -0.929016
0.049 -0.984133
0.051 -1.03873
0.053 -1.09281
0.055 -1.14635
0.057 -1.19937
0.059 -1.25184
0.061 -1.30378
0.063 -1.35517
0.065 -1.40602
0.067 -1.45632
0.069 -1.50607
0.071 -1.55526
0.073 -1.60389
0.075 -1.65196
0.077 -1.69947
0.079 -1.74642
0.081 -1.7928
0.083 -1.83862
0.085 -1.88386
0.087 -1.92854
0.089 -1.97265
0.091 -2.01619
0.093 -2.05916
0.095 -2.10156
0.097 -2.14339
0.099 -2.18464
0.101 -2.22533
0.103 -2.26545
0.105 -2.30499
0.107 -2.34397
0.109 -2.38238
0.111 -2.42022
0.113 -2.4575
0.115 -2.49421
0.117 -2.53036
0.121 -2.60098
0.125 -2.66937
0.129 -2.73555
0.131 -2.76782
0.133 -2.79954
0.135 -2.83072
0.137 -2.86136
0.139 -2.89146
0.141 -2.92103
0.143 -2.95007
0.145 -2.97858
0.147 -3.00657
0.149 -3.03403
0.151 -3.06098
0.153 -3.08742
0.155 -3.11334
0.157 -3.13876
0.159 -3.16368
0.161 -3.1881
0.163 -3.21202
0.165 -3.23546
0.167 -3.2584
0.169 -3.28087
0.171 -3.30286
0.173 -3.32437
0.175 -3.34542
0.177 -3.366
0.179 -3.38612
0.181 -3.40579
0.183 -3.425
0.185 -3.44376
0.187 -3.46209
0.189 -3.47997
0.191 -3.49742
0.193 -3.51444
0.195 -3.53104
0.197 -3.54722
0.199 -3.56298
0.201 -3.57833
0.203 -3.59327
0.205 -3.60782
0.207 -3.62196
0.209 -3.63571
0.211 -3.64908
0.213 -3.66206
0.215 -3.67466
0.217 -3.68689
0.219 -3.69875
0.221 -3.71024
0.223 -3.72137
0.225 -3.73214
0.227 -3.74257
0.229 -3.75264
0.231 -3.76237
0.233 -3.77176
0.235 -3.78082
0.237 -3.78954
0.239 -3.79794
0.241 -3.80602
0.243 -3.81378
0.245 -3.82122
0.247 -3.82836
0.249 -3.83519
0.251 -3.84172
0.253 -3.84794
0.255 -3.85388
0.257 -3.85952
0.259 -3.86488
0.261 -3.86996
0.263 -3.87476
0.265 -3.87928
0.267 -3.88353
0.269 -3.88751
0.271 -3.89123
0.273 -3.89468
0.275 -3.89788
0.277 -3.90083
0.279 -3.90352
0.281 -3.90597
0.283 -3.90817
0.285 -3.91013
0.287 -3.91186
0.289 -3.91334
0.291 -3.9146
0.293 -3.91563
0.295 -3.91644
0.297 -3.91702
0.299 -3.91738
0.301 -3.91752
0.303 -3.91745
0.305 -3.91717
0.307 -3.91668
0.309 -3.91599
0.311 -3.91509
0.313 -3.91399
0.315 -3.91269
0.317 -3.9112
0.319 -3.90951
0.321 -3.90764
0.323 -3.90557
0.325 -3.90332
0.327 -3.90089
0.329 -3.89828
0.331 -3.89548
0.333 -3.89251
0.335 -3.88937
0.337 -3.88605
0.339 -3.88256
0.341 -3.8789
0.343 -3.87508
0.347 -3.86694
0.351 -3.85817
0.355 -3.84876
0.359 -3.83875
0.363 -3.82813
0.367 -3.81694
0.371 -3.80517
0.375 -3.79285
0.379 -3.77998
0.383 -3.76658
0.387 -3.75266
0.391 -3.73823
0.395 -3.72331
0.399 -3.7079
0.403 -3.69201
0.407 -3.67565
0.411 -3.65885
0.415 -3.64159
0.419 -3.62391
0.423 -3.60579
0.427 -3.58726
0.431 -3.56833
0.435 -3.54899
0.439 -3.52927
0.443 -3.50917
0.447 -3.48869
0.451 -3.46785
0.455 -3.44666
0.459 -3.42512
0.463 -3.40324
0.467 -3.38103
0.471 -3.3585
0.475 -3.33565
0.479 -3.3125
0.483 -3.28905
0.487 -3.2653
0.491 -3.24128
0.495 -3.21697
0.499 -3.1924
0.503 -3.16757
0.507 -3.14249
0.511 -3.11716
0.515 -3.09159
0.519 -3.06579
0.523 -3.03976
0.527 -3.01353
0.531 -2.98708
0.535 -2.96043
0.539 -2.93359
0.543 -2.90656
0.547 -2.87935
0.551 -2.85197
0.555 -2.82443
0.559 -2.79673
0.563 -2.76888
0.567 -2.74089
0.571 -2.71277
0.575 -2.68452
0.579 -2.65615
0.583 -2.62767
0.587 -2.59908
0.591 -2.57039
0.595 -2.54162
0.599 -2.51276
0.603 -2.48383
0.607 -2.45483
0.611 -2.42577
0.615 -2.39666
0.619 -2.3675
0.623 -2.33831
0.627 -2.30908
0.631 -2.27983
0.635 -2.25057
0.639 -2.22129
0.643 -2.19202
0.647 -2.16275
0.651 -2.13349
0.655 -2.10425
0.659 -2.07504
0.663 -2.04587
0.667 -2.01673
0.671 -1.98764
0.675 -1.95861
0.679 -1.92964
0.683 -1.90074
0.687 -1.87191
0.691 -1.84317
0.695 -1.81451
0.699 -1.78594
0.703 -1.75748
0.707 -1.72913
0.711 -1.70088
0.715 -1.67276
0.719 -1.64476
0.723 -1.61689
0.727 -1.58916
0.731 -1.56157
0.735 -1.53413
0.739 -1.50684
0.743 -1.47971
0.747 -1.45274
0.755 -1.39932
0.763 -1.3466
0.771 -1.29463
0.779 -1.24343
0.787 -1.19304
0.795 -1.14349
0.803 -1.0948
0.811 -1.047
0.819 -1.0001
0.827 -0.954119
0.835 -0.909078
0.843 -0.864987
0.851 -0.821856
0.859 -0.779692
0.867 -0.7385
0.875 -0.698282
0.883 -0.659041
0.891 -0.620772
0.899 -0.583474
0.907 -0.54714
0.915 -0.511762
0.923 -0.477332
0.931 -0.443839
0.935 -0.427439
0.939 -0.41127
0.943 -0.395327
0.947 -0.379611
0.951 -0.364119
0.955 -0.348849
0.959 -0.333799
0.963 -0.318966
0.967 -0.30435
0.971 -0.289947
0.975 -0.275756
0.979 -0.261774
0.983 -0.247999
0.987 -0.234428
0.991 -0.221059
0.995 -0.20789
0.999 -0.194918
1.003 -0.182141
1.007 -0.169557
1.011 -0.157162
1.015 -0.144954
1.019 -0.132931
1.023 -0.12109
1.027 -0.109429
1.031 -0.0979453
1.035 -0.0866359
1.039 -0.0754986
1.043 -0.0645307
1.047 -0.0537297
1.051 -0.0430932
1.055 -0.0326185
1.059 -0.0223033
1.063 -0.0121449
1.067 -0.00214086
1.071 0.0077112
1.075 0.0174138
1.079 0.0269693
1.083 0.0363801
1.087 0.0456487
1.091 0.0547774
1.095 0.0637685
1.099 0.0726244
1.103 0.0813472
1.107 0.0899394
1.111 0.0984031
1.115 0.10674
1.119 0.114954
1.123 0.123045
1.127 0.131017
1.131 0.13887
1.135 0.146608
1.139 0.154233
1.143 0.161745
1.147 0.169148
1.151 0.176443
1.155 0.183632
1.159 0.190718
1.163 0.1977
1.167 0.204583
1.171 0.211367
1.175 0.218054
1.179 0.224646
1.183 0.231144
1.187 0.23755
1.191 0.243866
1.195 0.250094
1.199 0.256234
1.203 0.262289
1.207 0.26826
1.215 0.279954
1.223 0.29133
1.231 0.302397
1.239 0.313166
1.247 0.323646
1.255 0.333849
1.263 0.343782
1.271 0.353455
1.279 0.362876
1.287 0.372053
1.295 0.380993
1.303 0.389704
1.311 0.398194
1.319 0.406468
1.327 0.414533
1.335 0.422396
1.343 0.430061
1.351 0.437536
1.359 0.444824
1.367 0.451931
1.375 0.458863
1.383 0.465623
1.391 0.472217
1.399 0.478648
1.407 0.48492
1.415 0.491038
1.423 0.497006
1.431 0.502826
1.439 0.508503
1.447 0.514039
1.455 0.519438
1.463 0.524703
1.471 0.529836
1.479 0.534841
1.487 0.539721
1.495 0.544478
1.503 0.549114
1.511 0.553631
1.519 0.558034
1.527 0.562322
1.535 0.566499
1.543 0.570567
1.551 0.574528
1.559 0.578384
1.567 0.582136
1.575 0.585787
1.591 0.592792
1.607 0.599412
1.623 0.60566
1.639 0.611548
1.655 0.617088
1.671 0.622292
1.687 0.62717
1.703 0.631732
1.719 0.635987
1.735 0.639946
1.751 0.643617
1.767 0.647009
1.783 0.650131
1.799 0.652989
1.815 0.655594
1.831 0.657951
1.847 0.660068
1.863 0.661953
1.879 0.663612
1.895 0.665052
1.911 0.666281
1.927 0.667303
1.943 0.668126
1.959 0.668755
1.975 0.669197
1.991 0.669457
2.007 0.669541
2.023 0.669455
2.039 0.669203
2.055 0.668791
2.071 0.668224
2.087 0.667508
2.103 0.666646
2.119 0.665644
2.135 0.664506
2.151 0.663238
2.167 0.661842
2.183 0.660324
2.199 0.658688
2.215 0.656938
2.231 0.655078
2.247 0.653112
2.263 0.651043
2.279 0.648876
2.295 0.646613
2.311 0.644259
2.327 0.641817
2.359 0.636683
2.391 0.631236
2.423 0.625501
2.455 0.619501
2.487 0.613259
2.519 0.606796
2.551 0.600132
2.583 0.593286
2.615 0.586276
2.647 0.579119
2.679 0.571831
2.711 0.564427
2.743 0.556923
2.775 0.549332
2.807 0.541666
2.839 0.533938
2.871 0.52616
2.903 0.518342
2.935 0.510494
2.967 0.502627
2.999 0.494748
3.031 0.486868
3.063 0.478993
3.095 0.471131
3.127 0.463289
3.159 0.455474
3.191 0.447692
3.223 0.439948
3.255 0.432248
3.287 0.424596
3.319 0.416998
3.351 0.409457
3.383 0.401978
3.415 0.394564
3.447 0.387218
3.479 0.379944
3.511 0.372744
3.543 0.36562
3.575 0.358576
3.607 0.351612
3.639 0.344732
3.671 0.337937
3.703 0.331227
3.735 0.324605
3.767 0.318072
3.799 0.311629
3.831 0.305276
3.863 0.299014
3.895 0.292843
3.927 0.286765
3.959 0.28078
3.991 0.274887
4.023 0.269087
4.087 0.257765
4.151 0.246812
4.215 0.236228
4.279 0.226007
4.343 0.216146
4.407 0.206639
4.471 0.19748
4.535 0.188663
4.599 0.18018
4.663 0.172024
4.727 0.164187
4.791 0.156661
4.855 0.149437
4.919 0.142506
4.983 0.135861
5.047 0.129492
5.111 0.123391
5.175 0.117548
5.239 0.111956
5.303 0.106605
5.367 0.101488
5.431 0.096595
5.495 0.0919189
5.559 0.0874514
5.623 0.0831846
5.687 0.0791108
5.751 0.0752224
5.815 0.071512
5.879 0.0679726
5.943 0.0645973
6.007 0.0613792
6.071 0.0583118
6.135 0.0553889
6.199 0.0526043
6.263 0.0499521
6.327 0.0474265
6.391 0.0450222
6.455 0.0427336
6.519 0.0405558
6.583 0.0384838
6.647 0.0365128
6.711 0.0346383
6.775 0.0328559
6.839 0.0311613
6.903 0.0295506
6.967 0.0280199
7.031 0.0265653
7.095 0.0251834
7.159 0.0238708
7.223 0.0226241
7.287 0.0214403
7.351 0.0203163
7.415 0.0192492
7.479 0.0182364
7.543 0.0172752
7.607 0.016363
7.671 0.0154976
7.735 0.0146766
7.799 0.0138978
7.863 0.0131592
7.927 0.0124587
8.055 0.0111648
8.183 0.010002
8.311 0.00895741
8.439 0.00801945
8.567 0.00717758
8.695 0.00642225
8.823 0.0057448
8.951 0.00513744
9.079 0.00459309
9.207 0.00410539
9.335 0.00366857
9.463 0.00327746
9.591 0.00292737
9.719 0.0026141
9.847 0.00233384
9.975 0.0020832
10.103 0.00185909
10.231 0.00165876
10.359 0.00147974
10.487 0.00131979
10.615 0.00117691
10.743 0.00104931
10.871 0.000935388
10.999 0.000833692
11.127 0.00074293
11.255 0.000661943
11.383 0.000589693
11.511 0.000525248
11.639 0.000467777
11.767 0.000416533
11.895 0.000370851
12.023 0.000330133
12.151 0.000293846
12.279 0.000261513
12.407 0.000232708
12.663 0.000184198
12.919 0.00014573
13.175 0.000115242
13.431 9.10927e-05
13.687 7.19731e-05
13.943 5.68433e-05
14.199 4.48765e-05
14.455 3.54156e-05
14.711 2.79391e-05
14.967 2.20332e-05
15.223 1.73699e-05
15.479 1.36892e-05
15.735 1.0785e-05
15.991 8.4944e-06
