0 0.5
0.001 0.500185
0.003 0.500467
0.005 0.50063
0.007 0.500675
0.009 0.500603
0.011 0.500415
0.013 0.50011
0.015 0.499689
0.017 0.499153
0.019 0.498503
0.021 0.497739
0.023 0.496861
0.025 0.495871
0.027 0.494769
0.029 0.493556
0.031 0.492232
0.033 0.490799
0.035 0.489257
0.037 0.487607
0.039 0.485849
0.041 0.483985
0.043 0.482015
0.045 0.47994
0.047 0.477761
0.049 0.47548
0.051 0.473096
0.053 0.47061
0.055 0.468025
0.057 0.465339
0.059 0.462556
0.061 0.459674
0.063 0.456696
0.065 0.453622
0.067 0.450454
0.069 0.447192
0.071 0.443837
0.073 0.44039
0.075 0.436853
0.077 0.433226
0.079 0.42951
0.081 0.425706
0.083 0.421816
0.085 0.41784
0.087 0.41378
0.089 0.409636
0.091 0.405409
0.093 0.401101
0.095 0.396713
0.097 0.392245
0.099 0.387698
0.101 0.383075
0.103 0.378375
0.105 0.3736
0.107 0.36875
0.109 0.363828
0.111 0.358834
0.113 0.353768
0.115 0.348633
0.117 0.343429
0.121 0.332818
0.125 0.321944
0.129 0.310815
0.131 0.305157
0.133 0.299439
0.135 0.293661
0.137 0.287825
0.139 0.281931
0.141 0.275981
0.143 0.269975
0.145 0.263914
0.147 0.2578
0.149 0.251633
0.151 0.245415
0.153 0.239146
0.155 0.232827
0.157 0.226459
0.159 0.220044
0.161 0.213582
0.163 0.207074
0.165 0.200521
0.167 0.193924
0.169 0.187283
0.171 0.180601
0.173 0.173877
0.175 0.167113
0.177 0.160309
0.179 0.153467
0.181 0.146586
0.183 0.139669
0.185 0.132716
0.187 0.125728
0.189 0.118705
0.191 0.111648
0.193 0.104559
0.195 0.097438
0.197 0.0902858
0.199 0.0831033
0.201 0.0758912
0.203 0.0686503
0.205 0.0613815
0.207 0.0540855
0.209 0.0467629
0.211 0.0394147
0.213 0.0320415
0.215 0.024644
0.217 0.017223
0.219 0.00977916
0.221 0.00231322
0.223 -0.00517414
0.225 -0.0126822
0.227 -0.0202104
0.229 -0.0277579
0.231 -0.0353241
0.233 -0.0429084
0.235 -0.0505101
0.237 -0.0581285
0.239 -0.0657631
0.241 -0.0734132
0.243 -0.0810782
0.245 -0.0887574
0.247 -0.0964504
0.249 -0.104156
0.251 -0.111875
0.253 -0.119605
0.255 -0.127347
0.257 -0.1351
0.259 -0.142863
0.261 -0.150635
0.263 -0.158417
0.265 -0.166207
0.267 -0.174005
0.269 -0.181811
0.271 -0.189624
0.273 -0.197443
0.275 -0.205269
0.277 -0.2131
0.279 -0.220936
0.281 -0.228776
0.283 -0.236621
0.285 -0.244469
0.287 -0.25232
0.289 -0.260174
0.291 -0.26803
0.293 -0.275888
0.295 -0.283748
0.297 -0.291608
0.299 -0.299468
0.301 -0.307329
0.303 -0.315189
0.305 -0.323049
0.307 -0.330907
0.309 -0.338764
0.311 -0.346619
0.313 -0.354471
0.315 -0.36232
0.317 -0.370167
0.319 -0.378009
0.321 -0.385848
0.323 -0.393683
0.325 -0.401512
0.327 -0.409337
0.329 -0.417157
0.331 -0.42497
0.333 -0.432778
0.335 -0.440579
0.337 -0.448373
0.339 -0.45616
0.341 -0.46394
0.343 -0.471712
0.347 -0.487232
0.351 -0.502716
0.355 -0.518163
0.359 -0.53357
0.363 -0.548935
0.367 -0.564256
0.371 -0.579529
0.375 -0.594754
0.379 -0.609927
0.383 -0.625047
0.387 -0.640112
0.391 -0.655119
0.395 -0.670067
0.399 -0.684953
0.403 -0.699776
0.407 -0.714534
0.411 -0.729226
0.415 -0.743848
0.419 -0.7584
0.423 -0.77288
0.427 -0.787286
0.431 -0.801617
0.435 -0.81587
0.439 -0.830045
0.443 -0.84414
0.447 -0.858154
0.451 -0.872084
0.455 -0.88593
0.459 -0.89969
0.463 -0.913363
0.467 -0.926947
0.471 -0.940441
0.475 -0.953844
0.479 -0.967155
0.483 -0.980373
0.487 -0.993496
0.491 -1.00652
0.495 -1.01945
0.499 -1.03228
0.503 -1.04502
0.507 -1.05765
0.511 -1.07018
0.515 -1.08261
0.519 -1.09494
0.523 -1.10716
0.527 -1.11928
0.531 -1.13129
0.535 -1.1432
0.539 -1.155
0.543 -1.16669
0.547 -1.17827
0.551 -1.18974
0.555 -1.2011
0.559 -1.21236
0.563 -1.2235
0.567 -1.23453
0.571 -1.24544
0.575 -1.25625
0.579 -1.26694
0.583 -1.27751
0.587 -1.28797
0.591 -1.29832
0.595 -1.30855
0.599 -1.31867
0.603 -1.32867
0.607 -1.33856
0.611 -1.34833
0.615 -1.35798
0.619 -1.36751
0.623 -1.37693
0.627 -1.38623
0.631 -1.39542
0.635 -1.40449
0.639 -1.41344
0.643 -1.42227
0.647 -1.43099
0.651 -1.43958
0.655 -1.44807
0.659 -1.45643
0.663 -1.46468
0.667 -1.47281
0.671 -1.48082
0.675 -1.48872
0.679 -1.4965
0.683 -1.50417
0.687 -1.51172
0.691 -1.51916
0.695 -1.52648
0.699 -1.53368
0.703 -1.54077
0.707 -1.54775
0.711 -1.55462
0.715 -1.56137
0.719 -1.56801
0.723 -1.57453
0.727 -1.58095
0.731 -1.58726
0.735 -1.59345
0.739 -1.59954
0.743 -1.60551
0.747 -1.61138
0.755 -1.6228
0.763 -1.63379
0.771 -1.64436
0.779 -1.65452
0.787 -1.66427
0.795 -1.67362
0.803 -1.68258
0.811 -1.69115
0.819 -1.69934
0.827 -1.70716
0.835 -1.71462
0.843 -1.72172
0.851 -1.72847
0.859 -1.73488
0.867 -1.74095
0.875 -1.7467
0.883 -1.75213
0.891 -1.75726
0.899 -1.76207
0.907 -1.7666
0.915 -1.77084
0.923 -1.77479
0.931 -1.77848
0.935 -1.78022
0.939 -1.7819
0.943 -1.78351
0.947 -1.78507
0.951 -1.78655
0.955 -1.78798
0.959 -1.78935
0.963 -1.79065
0.967 -1.7919
0.971 -1.79309
0.975 -1.79422
0.979 -1.7953
0.983 -1.79632
0.987 -1.79728
0.991 -1.79819
0.995 -1.79905
0.999 -1.79986
1.003 -1.80061
1.007 -1.80131
1.011 -1.80197
1.015 -1.80257
1.019 -1.80313
1.023 -1.80364
1.027 -1.8041
1.031 -1.80451
1.035 -1.80488
1.039 -1.80521
1.043 -1.80549
1.047 -1.80572
1.051 -1.80592
1.055 -1.80607
1.059 -1.80618
1.063 -1.80625
1.067 -1.80628
1.071 -1.80627
1.075 -1.80622
1.079 -1.80613
1.083 -1.806
1.087 -1.80584
1.091 -1.80564
1.095 -1.8054
1.099 -1.80513
1.103 -1.80482
1.107 -1.80448
1.111 -1.8041
1.115 -1.80369
1.119 -1.80325
1.123 -1.80277
1.127 -1.80226
1.131 -1.80172
1.135 -1.80115
1.139 -1.80055
1.143 -1.79992
1.147 -1.79926
1.151 -1.79856
1.155 -1.79784
1.159 -1.7971
1.163 -1.79632
1.167 -1.79551
1.171 -1.79468
1.175 -1.79382
1.179 -1.79294
1.183 -1.79203
1.187 -1.79109
1.191 -1.79013
1.195 -1.78914
1.199 -1.78812
1.203 -1.78709
1.207 -1.78603
1.215 -1.78383
1.223 -1.78155
1.231 -1.77917
1.239 -1.77671
1.247 -1.77416
1.255 -1.77153
1.263 -1.76882
1.271 -1.76603
1.279 -1.76317
1.287 -1.76023
1.295 -1.75721
1.303 -1.75413
1.311 -1.75098
1.319 -1.74776
1.327 -1.74448
1.335 -1.74113
1.343 -1.73772
1.351 -1.73425
1.359 -1.73072
1.367 -1.72713
1.375 -1.72349
1.383 -1.71979
1.391 -1.71604
1.399 -1.71223
1.407 -1.70838
1.415 -1.70448
1.423 -1.70052
1.431 -1.69652
1.439 -1.69248
1.447 -1.68839
1.455 -1.68425
1.463 -1.68008
1.471 -1.67586
1.479 -1.6716
1.487 -1.6673
1.495 -1.66297
1.503 -1.65859
1.511 -1.65418
1.519 -1.64973
1.527 -1.64525
1.535 -1.64074
1.543 -1.63619
1.551 -1.63161
1.559 -1.627
1.567 -1.62235
1.575 -1.61768
1.591 -1.60825
1.607 -1.59871
1.623 -1.58907
1.639 -1.57933
1.655 -1.56951
1.671 -1.55959
1.687 -1.54959
1.703 -1.53952
1.719 -1.52938
1.735 -1.51917
1.751 -1.5089
1.767 -1.49858
1.783 -1.4882
1.799 -1.47777
1.815 -1.46731
1.831 -1.4568
1.847 -1.44625
1.863 -1.43568
1.879 -1.42507
1.895 -1.41444
1.911 -1.40379
1.927 -1.39312
1.943 -1.38244
1.959 -1.37174
1.975 -1.36104
1.991 -1.35033
2.007 -1.33962
2.023 -1.3289
2.039 -1.3182
2.055 -1.30749
2.071 -1.29679
2.087 -1.28611
2.103 -1.27544
2.119 -1.26478
2.135 -1.25414
2.151 -1.24351
2.167 -1.23291
2.183 -1.22234
2.199 -1.21178
2.215 -1.20126
2.231 -1.19076
2.247 -1.1803
2.263 -1.16986
2.279 -1.15946
2.295 -1.1491
2.311 -1.13877
2.327 -1.12848
2.359 -1.10803
2.391 -1.08774
2.423 -1.06763
2.455 -1.04771
2.487 -1.02798
2.519 -1.00846
2.551 -0.989152
2.583 -0.970057
2.615 -0.951183
2.647 -0.932536
2.679 -0.914121
2.711 -0.895941
2.743 -0.877999
2.775 -0.860298
2.807 -0.842842
2.839 -0.825632
2.871 -0.808671
2.903 -0.791959
2.935 -0.775497
2.967 -0.759287
2.999 -0.743329
3.031 -0.727623
3.063 -0.71217
3.095 -0.696968
3.127 -0.682017
3.159 -0.667317
3.191 -0.652866
3.223 -0.638664
3.255 -0.624709
3.287 -0.611
3.319 -0.597534
3.351 -0.584311
3.383 -0.571329
3.415 -0.558584
3.447 -0.546076
3.479 -0.533801
3.511 -0.521759
3.543 -0.509945
3.575 -0.498358
3.607 -0.486995
3.639 -0.475854
3.671 -0.464931
3.703 -0.454225
3.735 -0.443732
3.767 -0.433449
3.799 -0.423374
3.831 -0.413504
3.863 -0.403836
3.895 -0.394366
3.927 -0.385093
3.959 -0.376012
3.991 -0.367122
4.023 -0.358419
4.087 -0.341561
4.151 -0.325417
4.215 -0.309962
4.279 -0.295172
4.343 -0.281025
4.407 -0.267498
4.471 -0.254568
4.535 -0.242213
4.599 -0.230412
4.663 -0.219143
4.727 -0.208386
4.791 -0.19812
4.855 -0.188327
4.919 -0.178986
4.983 -0.17008
5.047 -0.16159
5.111 -0.153499
5.175 -0.145791
5.239 -0.138448
5.303 -0.131455
5.367 -0.124797
5.431 -0.11846
5.495 -0.112429
5.559 -0.10669
5.623 -0.10123
5.687 -0.096038
5.751 -0.0911003
5.815 -0.0864058
5.879 -0.0819431
5.943 -0.0777018
6.007 -0.0736713
6.071 -0.069842
6.135 -0.0662043
6.199 -0.0627493
6.263 -0.0594682
6.327 -0.0563527
6.391 -0.053395
6.455 -0.0505874
6.519 -0.0479227
6.583 -0.045394
6.647 -0.0429946
6.711 -0.0407183
6.775 -0.038559
6.839 -0.0365109
6.903 -0.0345685
6.967 -0.0327267
7.031 -0.0309804
7.095 -0.0293248
7.159 -0.0277554
7.223 -0.0262679
7.287 -0.0248582
7.351 -0.0235223
7.415 -0.0222565
7.479 -0.0210572
7.543 -0.0199211
7.607 -0.0188449
7.671 -0.0178256
7.735 -0.0168603
7.799 -0.0159461
7.863 -0.0150805
7.927 -0.014261
8.055 -0.0127505
8.183 -0.0113972
8.311 -0.010185
8.439 -0.00909953
8.567 -0.00812789
8.695 -0.00725838
8.823 -0.00648048
8.951 -0.00578472
9.079 -0.00516261
9.207 -0.00460648
9.335 -0.00410946
9.463 -0.00366538
9.591 -0.00326868
9.719 -0.0029144
9.847 -0.00259807
9.975 -0.00231567
10.103 -0.00206364
10.231 -0.00183873
10.359 -0.00163808
10.487 -0.00145911
10.615 -0.00129949
10.743 -0.00115717
10.871 -0.00103029
10.999 -0.000917188
11.127 -0.000816394
11.255 -0.000726581
11.383 -0.000646564
11.511 -0.000575287
11.639 -0.000511804
11.767 -0.000455271
11.895 -0.000404934
12.023 -0.000360121
12.151 -0.000320231
12.279 -0.000284728
12.407 -0.000253133
12.663 -0.000200011
12.919 -0.000157971
13.175 -0.000124719
13.431 -9.84291e-05
13.687 -7.76526e-05
13.943 -6.12401e-05
14.199 -4.82802e-05
14.455 -3.80506e-05
14.711 -2.9979e-05
14.967 -2.36124e-05
15.223 -1.85925e-05
15.479 -1.46356e-05
15.735 -1.15177e-05
15.991 -9.0616e-06
