0 -21.1808
0.001 -21.3702
0.003 -21.7431
0.005 -22.1084
0.007 -22.4662
0.009 -22.8166
0.011 -23.1597
0.013 -23.4956
0.015 -23.8244
0.017 -24.1461
0.019 -24.4609
0.021 -24.7688
0.023 -25.0699
0.025 -25.3642
0.027 -25.6519
0.029 -25.933
0.031 -26.2076
0.033 -26.4758
0.035 -26.7376
0.037 -26.993
0.039 -27.2422
0.041 -27.4852
0.043 -27.7222
0.045 -27.953
0.047 -28.1779
0.049 -28.3968
0.051 -28.6099
0.053 -28.8172
0.055 -29.0188
0.057 -29.2147
0.059 -29.405
0.061 -29.5898
0.063 -29.7691
0.065 -29.9431
0.067 -30.1117
0.069 -30.2751
0.071 -30.4333
0.073 -30.5863
0.075 -30.7343
0.077 -30.8774
0.079 -31.0155
0.081 -31.1489
0.083 -31.2774
0.085 -31.4013
0.087 -31.5205
0.089 -31.6352
0.091 -31.7455
0.093 -31.8513
0.095 -31.9528
0.097 -32.0501
0.099 -32.1432
0.101 -32.2322
0.103 -32.3171
0.105 -32.3981
0.107 -32.4752
0.109 -32.5485
0.111 -32.6181
0.113 -32.6839
0.115 -32.7462
0.117 -32.805
0.121 -32.9122
0.125 -33.0062
0.129 -33.0875
0.131 -33.1235
0.133 -33.1566
0.135 -33.1868
0.137 -33.2141
0.139 -33.2386
0.141 -33.2605
0.143 -33.2796
0.145 -33.2962
0.147 -33.3103
0.149 -33.3219
0.151 -33.3311
0.153 -33.3379
0.155 -33.3424
0.157 -33.3447
0.159 -33.3449
0.161 -33.3428
0.163 -33.3387
0.165 -33.3326
0.167 -33.3245
0.169 -33.3144
0.171 -33.3025
0.173 -33.2887
0.175 -33.2732
0.177 -33.2559
0.179 -33.2368
0.181 -33.2162
0.183 -33.1939
0.185 -33.17
0.187 -33.1446
0.189 -33.1176
0.191 -33.0892
0.193 -33.0594
0.195 -33.0282
0.197 -32.9956
0.199 -32.9616
0.201 -32.9264
0.203 -32.8898
0.205 -32.8521
0.207 -32.8131
0.209 -32.7729
0.211 -32.7315
0.213 -32.689
0.215 -32.6454
0.217 -32.6007
0.219 -32.5549
0.221 -32.5081
0.223 -32.4602
0.225 -32.4114
0.227 -32.3615
0.229 -32.3106
0.231 -32.2588
0.233 -32.2061
0.235 -32.1524
0.237 -32.0979
0.239 -32.0424
0.241 -31.986
0.243 -31.9288
0.245 -31.8707
0.247 -31.8118
0.249 -31.7521
0.251 -31.6915
0.253 -31.6302
0.255 -31.568
0.257 -31.505
0.259 -31.4413
0.261 -31.3768
0.263 -31.3115
0.265 -31.2455
0.267 -31.1788
0.269 -31.1113
0.271 -31.0431
0.273 -30.9741
0.275 -30.9045
0.277 -30.8341
0.279 -30.763
0.281 -30.6913
0.283 -30.6188
0.285 -30.5457
0.287 -30.4719
0.289 -30.3974
0.291 -30.3222
0.293 -30.2464
0.295 -30.1699
0.297 -30.0928
0.299 -30.015
0.301 -29.9366
0.303 -29.8575
0.305 -29.7778
0.307 -29.6974
0.309 -29.6165
0.311 -29.5349
0.313 -29.4527
0.315 -29.3698
0.317 -29.2864
0.319 -29.2023
0.321 -29.1177
0.323 -29.0324
0.325 -28.9466
0.327 -28.8601
0.329 -28.7731
0.331 -28.6855
0.333 -28.5973
0.335 -28.5085
0.337 -28.4191
0.339 -28.3292
0.341 -28.2387
0.343 -28.1476
0.347 -27.9638
0.351 -27.7778
0.355 -27.5897
0.359 -27.3993
0.363 -27.2069
0.367 -27.0124
0.371 -26.8159
0.375 -26.6173
0.379 -26.4168
0.383 -26.2143
0.387 -26.01
0.391 -25.8037
0.395 -25.5957
0.399 -25.3859
0.403 -25.1743
0.407 -24.961
0.411 -24.746
0.415 -24.5295
0.419 -24.3113
0.423 -24.0916
0.427 -23.8704
0.431 -23.6478
0.435 -23.4238
0.439 -23.1984
0.443 -22.9717
0.447 -22.7437
0.451 -22.5145
0.455 -22.2842
0.459 -22.0527
0.463 -21.8202
0.467 -21.5866
0.471 -21.3521
0.475 -21.1167
0.479 -20.8804
0.483 -20.6433
0.487 -20.4054
0.491 -20.1668
0.495 -19.9276
0.499 -19.6878
0.503 -19.4474
0.507 -19.2065
0.511 -18.9652
0.515 -18.7236
0.519 -18.4816
0.523 -18.2393
0.527 -17.9969
0.531 -17.7542
0.535 -17.5115
0.539 -17.2688
0.543 -17.0261
0.547 -16.7834
0.551 -16.5409
0.555 -16.2986
0.559 -16.0566
0.563 -15.8148
0.567 -15.5735
0.571 -15.3325
0.575 -15.092
0.579 -14.8521
0.583 -14.6128
0.587 -14.3741
0.591 -14.1361
0.595 -13.8989
0.599 -13.6625
0.603 -13.427
0.607 -13.1925
0.611 -12.9589
0.615 -12.7263
0.619 -12.4949
0.623 -12.2646
0.627 -12.0355
0.631 -11.8076
0.635 -11.5811
0.639 -11.3559
0.643 -11.1321
0.647 -10.9097
0.651 -10.6888
0.655 -10.4695
0.659 -10.2517
0.663 -10.0356
0.667 -9.82107
0.671 -9.6083
0.675 -9.39727
0.679 -9.18802
0.683 -8.98059
0.687 -8.77501
0.691 -8.57132
0.695 -8.36955
0.699 -8.16974
0.703 -7.9719
0.707 -7.77608
0.711 -7.58229
0.715 -7.39056
0.719 -7.20092
0.723 -7.01338
0.727 -6.82797
0.731 -6.6447
0.735 -6.4636
0.739 -6.28467
0.743 -6.10794
0.747 -5.93341
0.755 -5.591
0.763 -5.25751
0.771 -4.93298
0.779 -4.61742
0.787 -4.31083
0.795 -4.01318
0.803 -3.72441
0.811 -3.44444
0.819 -3.17317
0.827 -2.9105
0.835 -2.6563
0.843 -2.4104
0.851 -2.17266
0.859 -1.94289
0.867 -1.7209
0.875 -1.50651
0.883 -1.29951
0.891 -1.09969
0.899 -0.90682
0.907 -0.720693
0.915 -0.541083
0.923 -0.367764
0.931 -0.200514
0.935 -0.119094
0.939 -0.0391077
0.943 0.0394728
0.947 0.116675
0.951 0.192526
0.955 0.267053
0.959 0.340282
0.963 0.41224
0.967 0.482954
0.971 0.552448
0.975 0.620749
0.979 0.687882
0.983 0.753871
0.987 0.818741
0.991 0.882516
0.995 0.94522
0.999 1.00688
1.003 1.06751
1.007 1.12713
1.011 1.18578
1.015 1.24347
1.019 1.30022
1.023 1.35606
1.027 1.41099
1.031 1.46505
1.035 1.51825
1.039 1.57062
1.043 1.62216
1.047 1.67291
1.051 1.72287
1.055 1.77206
1.059 1.8205
1.063 1.86821
1.067 1.9152
1.071 1.96149
1.075 2.0071
1.079 2.05203
1.083 2.09631
1.087 2.13994
1.091 2.18295
1.095 2.22534
1.099 2.26713
1.103 2.30832
1.107 2.34894
1.111 2.389
1.115 2.42849
1.119 2.46745
1.123 2.50587
1.127 2.54378
1.131 2.58117
1.135 2.61806
1.139 2.65446
1.143 2.69038
1.147 2.72582
1.151 2.76081
1.155 2.79533
1.159 2.82942
1.163 2.86306
1.167 2.89627
1.171 2.92906
1.175 2.96144
1.179 2.9934
1.183 3.02497
1.187 3.05614
1.191 3.08693
1.195 3.11733
1.199 3.14736
1.203 3.17702
1.207 3.20632
1.215 3.26386
1.223 3.32001
1.231 3.37482
1.239 3.42832
1.247 3.48056
1.255 3.53157
1.263 3.58138
1.271 3.63003
1.279 3.67754
1.287 3.72394
1.295 3.76926
1.303 3.81352
1.311 3.85675
1.319 3.89897
1.327 3.9402
1.335 3.98047
1.343 4.01979
1.351 4.05818
1.359 4.09566
1.367 4.13224
1.375 4.16796
1.383 4.20281
1.391 4.23682
1.399 4.27
1.407 4.30237
1.415 4.33393
1.423 4.36471
1.431 4.39471
1.439 4.42395
1.447 4.45244
1.455 4.4802
1.463 4.50722
1.471 4.53354
1.479 4.55914
1.487 4.58406
1.495 4.60829
1.503 4.63184
1.511 4.65474
1.519 4.67698
1.527 4.69858
1.535 4.71954
1.543 4.73988
1.551 4.7596
1.559 4.77871
1.567 4.79722
1.575 4.81514
1.591 4.84925
1.607 4.88109
1.623 4.91073
1.639 4.93823
1.655 4.96364
1.671 4.98704
1.687 5.00847
1.703 5.02799
1.719 5.04566
1.735 5.06152
1.751 5.07563
1.767 5.08804
1.783 5.09879
1.799 5.10794
1.815 5.11553
1.831 5.12161
1.847 5.12623
1.863 5.12942
1.879 5.13123
1.895 5.1317
1.911 5.13087
1.927 5.12879
1.943 5.12549
1.959 5.12102
1.975 5.1154
1.991 5.10867
2.007 5.10088
2.023 5.09206
2.039 5.08223
2.055 5.07144
2.071 5.05971
2.087 5.04708
2.103 5.03359
2.119 5.01925
2.135 5.0041
2.151 4.98817
2.167 4.97149
2.183 4.95409
2.199 4.93598
2.215 4.91721
2.231 4.89778
2.247 4.87774
2.263 4.8571
2.279 4.83589
2.295 4.81413
2.311 4.79184
2.327 4.76905
2.359 4.72203
2.391 4.67325
2.423 4.62285
2.455 4.571
2.487 4.51783
2.519 4.46347
2.551 4.40806
2.583 4.35171
2.615 4.29453
2.647 4.23664
2.679 4.17813
2.711 4.11911
2.743 4.05966
2.775 3.99987
2.807 3.93982
2.839 3.87958
2.871 3.81923
2.903 3.75883
2.935 3.69845
2.967 3.63814
2.999 3.57797
3.031 3.51797
3.063 3.45821
3.095 3.39872
3.127 3.33955
3.159 3.28073
3.191 3.22231
3.223 3.16431
3.255 3.10677
3.287 3.04972
3.319 2.99318
3.351 2.93717
3.383 2.88173
3.415 2.82686
3.447 2.7726
3.479 2.71894
3.511 2.66592
3.543 2.61355
3.575 2.56182
3.607 2.51077
3.639 2.46039
3.671 2.41069
3.703 2.36168
3.735 2.31337
3.767 2.26576
3.799 2.21886
3.831 2.17266
3.863 2.12718
3.895 2.0824
3.927 2.03834
3.959 1.99498
3.991 1.95234
4.023 1.9104
4.087 1.82864
4.151 1.74968
4.215 1.67348
4.279 1.6
4.343 1.52921
4.407 1.46104
4.471 1.39546
4.535 1.33238
4.599 1.27177
4.663 1.21355
4.727 1.15767
4.791 1.10405
4.855 1.05263
4.919 1.00334
4.983 0.956117
5.047 0.910894
5.111 0.867605
5.175 0.826182
5.239 0.786561
5.303 0.748678
5.367 0.712469
5.431 0.677872
5.495 0.644827
5.559 0.613274
5.623 0.583155
5.687 0.554414
5.751 0.526995
5.815 0.500845
5.879 0.475912
5.943 0.452146
6.007 0.429497
6.071 0.407919
6.135 0.387366
6.199 0.367793
6.263 0.349158
6.327 0.331421
6.391 0.31454
6.455 0.298479
6.519 0.283201
6.583 0.26867
6.647 0.254852
6.711 0.241714
6.775 0.229227
6.839 0.217358
6.903 0.20608
6.967 0.195365
7.031 0.185187
7.095 0.17552
7.159 0.166339
7.223 0.157623
7.287 0.149347
7.351 0.141492
7.415 0.134037
7.479 0.126963
7.543 0.12025
7.607 0.113882
7.671 0.107842
7.735 0.102112
7.799 0.0966786
7.863 0.0915264
7.927 0.0866414
8.055 0.0776204
8.183 0.0695164
8.311 0.0622393
8.439 0.0557074
8.567 0.0498466
8.695 0.04459
8.823 0.0398769
8.951 0.0356527
9.079 0.0318679
9.207 0.028478
9.335 0.0254425
9.463 0.0227254
9.591 0.020294
9.719 0.0181187
9.847 0.0161732
9.975 0.0144337
10.103 0.0128786
10.231 0.0114889
10.359 0.0102472
10.487 0.00913809
10.615 0.00814754
10.743 0.0072631
10.871 0.00647357
10.999 0.00576892
11.127 0.00514014
11.255 0.00457918
11.383 0.00407881
11.511 0.00363258
11.639 0.0032347
11.767 0.00287998
11.895 0.00256381
12.023 0.00228204
12.151 0.00203097
12.279 0.00180729
12.407 0.00160804
12.663 0.00127255
12.919 0.00100658
13.175 0.000795843
13.431 0.000628949
13.687 0.000496847
13.943 0.000392334
14.199 0.000309686
14.455 0.000244358
14.711 0.000192742
14.967 0.000151977
15.223 0.000119794
15.479 9.43957e-05
15.735 7.43595e-05
15.991 5.85587e-05
