0 -0.1
0.001 -0.103511
0.003 -0.110412
0.005 -0.117155
0.007 -0.123742
0.009 -0.130176
0.011 -0.13646
0.013 -0.142595
0.015 -0.148584
0.017 -0.154428
0.019 -0.160129
0.021 -0.165689
0.023 -0.171109
0.025 -0.176389
0.027 -0.181531
0.029 -0.186536
0.031 -0.191405
0.033 -0.196139
0.035 -0.200738
0.037 -0.205203
0.039 -0.209534
0.041 -0.213733
0.043 -0.2178
0.045 -0.221736
0.047 -0.22554
0.049 -0.229214
0.051 -0.232759
0.053 -0.236174
0.055 -0.23946
0.057 -0.242618
0.059 -0.245649
0.061 -0.248554
0.063 -0.251332
0.065 -0.253985
0.067 -0.256513
0.069 -0.258918
0.071 -0.261199
0.073 -0.263359
0.075 -0.265397
0.077 -0.267315
0.079 -0.269113
0.081 -0.270794
0.083 -0.272357
0.085 -0.273804
0.089 -0.276354
0.093 -0.278454
0.097 -0.280114
0.101 -0.281346
0.105 -0.28216
0.109 -0.28257
0.113 -0.282588
0.117 -0.282227
0.121 -0.281502
0.125 -0.280425
0.129 -0.279012
0.133 -0.277278
0.137 -0.275238
0.141 -0.272906
0.145 -0.2703
0.149 -0.267433
0.153 -0.264322
0.157 -0.260984
0.161 -0.257432
0.165 -0.253684
0.169 -0.249754
0.173 -0.245659
0.177 -0.241412
0.181 -0.237031
0.185 -0.232529
0.189 -0.227921
0.193 -0.223221
0.197 -0.218444
0.201 -0.213602
0.205 -0.20871
0.209 -0.203781
0.213 -0.198827
0.217 -0.193859
0.221 -0.188891
0.225 -0.183933
0.229 -0.178997
0.233 -0.174092
0.237 -0.16923
0.241 -0.164418
0.245 -0.159668
0.249 -0.154987
0.253 -0.150384
0.257 -0.145867
0.261 -0.141442
0.265 -0.137118
0.269 -0.1329
0.273 -0.128795
0.277 -0.124807
0.281 -0.120944
0.285 -0.117209
0.289 -0.113606
0.293 -0.110141
0.297 -0.106815
0.301 -0.103634
0.305 -0.100599
0.309 -0.0977126
0.313 -0.0949779
0.317 -0.0923963
0.321 -0.0899693
0.325 -0.087698
0.329 -0.0855835
0.333 -0.0836262
0.337 -0.0818264
0.341 -0.0801843
0.345 -0.0786996
0.349 -0.0773717
0.353 -0.0762
0.357 -0.0751836
0.361 -0.0743212
0.365 -0.0736115
0.369 -0.073053
0.373 -0.0726439
0.377 -0.0723823
0.381 -0.0722661
0.385 -0.0722931
0.389 -0.0724609
0.393 -0.072767
0.397 -0.0732089
0.401 -0.0737836
0.405 -0.0744885
0.409 -0.0753206
0.413 -0.0762768
0.417 -0.0773541
0.421 -0.0785493
0.425 -0.079859
0.429 -0.0812802
0.433 -0.0828094
0.437 -0.0844432
0.441 -0.0861782
0.445 -0.0880111
0.449 -0.0899383
0.453 -0.0919563
0.457 -0.0940617
0.461 -0.096251
0.465 -0.0985207
0.469 -0.100867
0.473 -0.103287
0.477 -0.105777
0.481 -0.108334
0.485 -0.110954
0.489 -0.113633
0.493 -0.116369
0.497 -0.119158
0.505 -0.124882
0.513 -0.130779
0.521 -0.136825
0.529 -0.142994
0.537 -0.149264
0.545 -0.155611
0.553 -0.162015
0.561 -0.168454
0.569 -0.174908
0.577 -0.18136
0.585 -0.18779
0.593 -0.194183
0.601 -0.200523
0.609 -0.206795
0.617 -0.212986
0.625 -0.219082
0.633 -0.225071
0.641 -0.230944
0.649 -0.236691
0.657 -0.242301
0.665 -0.247767
0.673 -0.253082
0.681 -0.25824
0.689 -0.263234
0.697 -0.268059
0.705 -0.272712
0.713 -0.277188
0.721 -0.281485
0.729 -0.285601
0.737 -0.289533
0.745 -0.29328
0.753 -0.296843
0.761 -0.300219
0.769 -0.30341
0.777 -0.306417
0.785 -0.309239
0.793 -0.31188
0.801 -0.31434
0.809 -0.316621
0.817 -0.318726
0.825 -0.320657
0.833 -0.322417
0.841 -0.324009
0.849 -0.325437
0.857 -0.326702
0.865 -0.32781
0.873 -0.328764
0.881 -0.329567
0.889 -0.330223
0.897 -0.330737
0.905 -0.331111
0.913 -0.33135
0.921 -0.331459
0.929 -0.33144
0.937 -0.331299
0.945 -0.331039
0.953 -0.330665
0.961 -0.33018
0.969 -0.329588
0.977 -0.328894
0.985 -0.328101
1.001 -0.326235
1.017 -0.324021
1.025 -0.322793
1.033 -0.321489
1.041 -0.320112
1.049 -0.318666
1.057 -0.317155
1.065 -0.315581
1.073 -0.313949
1.081 -0.31226
1.089 -0.310519
1.097 -0.308728
1.105 -0.30689
1.113 -0.305008
1.121 -0.303085
1.129 -0.301123
1.137 -0.299124
1.145 -0.297093
1.153 -0.29503
1.161 -0.292938
1.169 -0.290819
1.177 -0.288676
1.185 -0.286511
1.193 -0.284326
1.201 -0.282122
1.209 -0.279901
1.217 -0.277666
1.225 -0.275419
1.233 -0.273159
1.241 -0.270891
1.249 -0.268614
1.257 -0.26633
1.265 -0.264041
1.273 -0.261748
1.281 -0.259453
1.289 -0.257156
1.297 -0.254859
1.313 -0.250269
1.329 -0.245691
1.345 -0.241132
1.361 -0.2366
1.377 -0.2321
1.393 -0.227638
1.409 -0.223219
1.425 -0.218847
1.441 -0.214526
1.457 -0.210259
1.473 -0.206049
1.489 -0.201898
1.505 -0.19781
1.521 -0.193784
1.537 -0.189824
1.553 -0.18593
1.569 -0.182102
1.585 -0.178342
1.601 -0.17465
1.617 -0.171027
1.633 -0.167472
1.649 -0.163985
1.665 -0.160566
1.681 -0.157216
1.697 -0.153932
1.713 -0.150715
1.729 -0.147564
1.745 -0.144479
1.761 -0.141458
1.777 -0.138501
1.793 -0.135607
1.809 -0.132775
1.825 -0.130004
1.841 -0.127293
1.857 -0.124641
1.873 -0.122046
1.889 -0.119509
1.905 -0.117027
1.921 -0.114601
1.937 -0.112227
1.953 -0.109907
1.969 -0.107638
1.985 -0.105419
2.001 -0.10325
2.017 -0.101129
2.033 -0.0990548
2.049 -0.0970272
2.065 -0.0950449
2.081 -0.0931067
2.097 -0.0912118
2.129 -0.0875476
2.161 -0.0840447
2.193 -0.0806958
2.225 -0.0774936
2.257 -0.0744315
2.289 -0.0715029
2.321 -0.0687015
2.353 -0.0660214
2.385 -0.0634569
2.417 -0.0610026
2.449 -0.0586532
2.481 -0.056404
2.513 -0.0542501
2.545 -0.0521872
2.577 -0.0502109
2.609 -0.0483173
2.641 -0.0465025
2.673 -0.0447629
2.705 -0.0430951
2.737 -0.0414956
2.769 -0.0399615
2.801 -0.0384897
2.833 -0.0370774
2.865 -0.035722
2.897 -0.0344209
2.929 -0.0331716
2.961 -0.0319719
2.993 -0.0308196
3.057 -0.0286488
3.121 -0.0266439
3.185 -0.0247907
3.249 -0.0230765
3.313 -0.0214899
3.377 -0.0200205
3.441 -0.0186586
3.505 -0.0173956
3.569 -0.0162237
3.633 -0.0151356
3.697 -0.0141249
3.761 -0.0131856
3.825 -0.0123121
3.889 -0.0114996
3.953 -0.0107433
4.017 -0.0100391
4.081 -0.00938314
4.145 -0.0087719
4.209 -0.00820209
4.273 -0.00767074
4.337 -0.00717507
4.401 -0.00671255
4.465 -0.00628083
4.529 -0.00587775
4.593 -0.0055013
4.657 -0.00514964
4.721 -0.00482105
4.785 -0.00451396
4.849 -0.00422689
4.913 -0.00395849
4.977 -0.00370749
5.041 -0.00347272
5.105 -0.0032531
5.169 -0.00304761
5.297 -0.00267536
5.425 -0.00234921
5.553 -0.00206331
5.681 -0.00181258
5.809 -0.00159262
5.937 -0.00139957
6.065 -0.00123011
6.193 -0.0010813
6.321 -0.0009506
6.449 -0.000835781
6.577 -0.000734894
6.705 -0.000646234
6.833 -0.000568309
6.961 -0.00049981
7.089 -0.000439591
7.217 -0.000386644
7.345 -0.000340089
7.473 -0.00029915
7.601 -0.000263148
7.729 -0.000231484
7.857 -0.000203636
7.985 -0.000179142
8.113 -0.000157597
8.241 -0.000138645
8.497 -0.000107311
8.753 -8.30616e-05
9.009 -6.42944e-05
9.265 -4.97689e-05
9.521 -3.85259e-05
9.777 -2.98231e-05
