0 1
0.001 1.00027
0.003 1.00063
0.005 1.00075
0.007 1.00064
0.009 1.00032
0.011 0.999785
0.013 0.999044
0.015 0.998105
0.017 0.996974
0.019 0.995657
0.021 0.99416
0.023 0.992489
0.025 0.990649
0.027 0.988644
0.029 0.986481
0.031 0.984163
0.033 0.981696
0.035 0.979083
0.037 0.976329
0.039 0.973438
0.041 0.970413
0.043 0.967259
0.045 0.963979
0.047 0.960576
0.049 0.957054
0.051 0.953416
0.053 0.949665
0.055 0.945804
0.057 0.941836
0.059 0.937764
0.061 0.93359
0.063 0.929317
0.065 0.924947
0.067 0.920483
0.069 0.915928
0.071 0.911283
0.073 0.906551
0.075 0.901734
0.077 0.896834
0.079 0.891853
0.081 0.886793
0.083 0.881656
0.085 0.876444
0.087 0.871159
0.089 0.865802
0.091 0.860376
0.093 0.854881
0.095 0.849321
0.097 0.843695
0.099 0.838007
0.101 0.832257
0.103 0.826447
0.105 0.820578
0.107 0.814653
0.109 0.808671
0.111 0.802636
0.113 0.796548
0.115 0.790409
0.117 0.784219
0.121 0.771696
0.125 0.758988
0.129 0.746105
0.131 0.739602
0.133 0.733059
0.135 0.726477
0.137 0.719857
0.139 0.713201
0.141 0.70651
0.143 0.699784
0.145 0.693026
0.147 0.686236
0.149 0.679415
0.151 0.672564
0.153 0.665685
0.155 0.658778
0.157 0.651845
0.159 0.644886
0.161 0.637903
0.163 0.630896
0.165 0.623867
0.167 0.616817
0.169 0.609746
0.171 0.602656
0.173 0.595547
0.175 0.588421
0.177 0.581278
0.179 0.57412
0.181 0.566947
0.183 0.559761
0.185 0.552562
0.187 0.545351
0.189 0.538129
0.191 0.530897
0.193 0.523656
0.195 0.516407
0.197 0.509151
0.199 0.501887
0.201 0.494619
0.203 0.487345
0.205 0.480068
0.207 0.472787
0.209 0.465505
0.211 0.458221
0.213 0.450936
0.215 0.443651
0.217 0.436367
0.219 0.429085
0.221 0.421806
0.223 0.41453
0.225 0.407258
0.227 0.399991
0.229 0.392729
0.231 0.385473
0.233 0.378225
0.235 0.370984
0.237 0.363752
0.239 0.356529
0.241 0.349316
0.243 0.342113
0.245 0.334921
0.247 0.327741
0.249 0.320574
0.251 0.31342
0.253 0.30628
0.255 0.299154
0.257 0.292043
0.259 0.284947
0.261 0.277868
0.263 0.270806
0.265 0.263761
0.267 0.256734
0.269 0.249726
0.271 0.242737
0.273 0.235767
0.275 0.228817
0.277 0.221889
0.279 0.214981
0.281 0.208095
0.283 0.201231
0.285 0.19439
0.287 0.187573
0.289 0.180778
0.291 0.174008
0.293 0.167263
0.295 0.160543
0.297 0.153848
0.299 0.147179
0.301 0.140536
0.303 0.13392
0.305 0.127331
0.307 0.120769
0.309 0.114235
0.311 0.10773
0.313 0.101253
0.315 0.0948055
0.317 0.088387
0.319 0.0819981
0.321 0.0756392
0.323 0.0693107
0.325 0.0630128
0.327 0.0567458
0.329 0.05051
0.331 0.0443058
0.333 0.0381333
0.335 0.031993
0.337 0.0258849
0.339 0.0198095
0.341 0.013767
0.343 0.00775754
0.347 -0.00416112
0.351 -0.0159446
0.355 -0.0275912
0.359 -0.0390994
0.363 -0.0504677
0.367 -0.0616946
0.371 -0.072779
0.375 -0.0837197
0.379 -0.0945155
0.383 -0.105166
0.387 -0.115669
0.391 -0.126025
0.395 -0.136232
0.399 -0.146291
0.403 -0.1562
0.407 -0.16596
0.411 -0.175569
0.415 -0.185027
0.419 -0.194335
0.423 -0.203491
0.427 -0.212496
0.431 -0.22135
0.435 -0.230052
0.439 -0.238602
0.443 -0.247001
0.447 -0.255249
0.451 -0.263346
0.455 -0.271292
0.459 -0.279087
0.463 -0.286732
0.467 -0.294227
0.471 -0.301572
0.475 -0.308768
0.479 -0.315815
0.483 -0.322713
0.487 -0.329464
0.491 -0.336067
0.495 -0.342523
0.499 -0.348833
0.503 -0.354997
0.507 -0.361016
0.511 -0.366891
0.515 -0.372621
0.519 -0.378209
0.523 -0.383654
0.527 -0.388957
0.531 -0.394119
0.535 -0.399141
0.539 -0.404023
0.543 -0.408767
0.547 -0.413372
0.551 -0.41784
0.555 -0.422172
0.559 -0.426368
0.563 -0.430429
0.567 -0.434356
0.571 -0.43815
0.575 -0.441812
0.579 -0.445343
0.583 -0.448743
0.587 -0.452013
0.591 -0.455155
0.595 -0.458169
0.599 -0.461056
0.603 -0.463817
0.607 -0.466454
0.611 -0.468966
0.615 -0.471355
0.619 -0.473622
0.623 -0.475768
0.627 -0.477794
0.631 -0.479701
0.635 -0.48149
0.639 -0.483162
0.643 -0.484718
0.647 -0.486159
0.651 -0.487486
0.655 -0.488701
0.659 -0.489804
0.663 -0.490796
0.667 -0.49168
0.671 -0.492455
0.675 -0.493123
0.679 -0.493685
0.683 -0.494142
0.687 -0.494496
0.691 -0.494748
0.695 -0.494899
0.699 -0.49495
0.703 -0.494903
0.707 -0.494758
0.711 -0.494517
0.715 -0.494182
0.719 -0.493754
0.723 -0.493234
0.727 -0.492623
0.731 -0.491923
0.735 -0.491135
0.739 -0.490261
0.743 -0.489302
0.747 -0.48826
0.755 -0.48593
0.763 -0.483284
0.771 -0.480334
0.779 -0.477092
0.787 -0.47357
0.795 -0.469781
0.803 -0.465737
0.811 -0.461452
0.819 -0.456939
0.827 -0.45221
0.835 -0.447278
0.843 -0.442156
0.851 -0.436859
0.859 -0.431397
0.867 -0.425785
0.875 -0.420036
0.883 -0.414161
0.891 -0.408173
0.899 -0.402084
0.907 -0.395908
0.915 -0.389654
0.923 -0.383335
0.931 -0.376962
0.935 -0.373758
0.939 -0.370545
0.943 -0.367324
0.947 -0.364095
0.951 -0.360861
0.955 -0.357623
0.959 -0.354381
0.963 -0.351137
0.967 -0.347892
0.971 -0.344647
0.975 -0.341403
0.979 -0.338162
0.983 -0.334924
0.987 -0.33169
0.991 -0.328461
0.995 -0.325239
0.999 -0.322024
1.003 -0.318817
1.007 -0.315619
1.011 -0.31243
1.015 -0.309253
1.019 -0.306086
1.023 -0.302932
1.027 -0.299791
1.031 -0.296663
1.035 -0.29355
1.039 -0.290451
1.043 -0.287368
1.047 -0.284301
1.051 -0.281251
1.055 -0.278218
1.059 -0.275203
1.063 -0.272207
1.067 -0.269229
1.071 -0.26627
1.075 -0.263331
1.079 -0.260412
1.083 -0.257514
1.087 -0.254636
1.091 -0.251779
1.095 -0.248944
1.099 -0.246131
1.103 -0.243339
1.107 -0.24057
1.111 -0.237823
1.115 -0.235099
1.119 -0.232398
1.123 -0.22972
1.127 -0.227065
1.131 -0.224434
1.135 -0.221826
1.139 -0.219242
1.143 -0.216681
1.147 -0.214145
1.151 -0.211632
1.155 -0.209143
1.159 -0.206678
1.163 -0.204237
1.167 -0.201819
1.171 -0.199426
1.175 -0.197057
1.179 -0.194711
1.183 -0.19239
1.187 -0.190092
1.191 -0.187818
1.195 -0.185568
1.199 -0.183342
1.203 -0.181138
1.207 -0.178959
1.215 -0.174669
1.223 -0.170472
1.231 -0.166367
1.239 -0.162351
1.247 -0.158425
1.255 -0.154586
1.263 -0.150834
1.271 -0.147167
1.279 -0.143582
1.287 -0.14008
1.295 -0.136658
1.303 -0.133315
1.311 -0.130049
1.319 -0.126859
1.327 -0.123742
1.335 -0.120698
1.343 -0.117724
1.351 -0.114819
1.359 -0.111981
1.367 -0.109209
1.375 -0.106501
1.383 -0.103856
1.391 -0.101271
1.399 -0.0987453
1.407 -0.0962775
1.415 -0.0938659
1.423 -0.0915091
1.431 -0.0892055
1.439 -0.0869539
1.447 -0.0847527
1.455 -0.0826005
1.463 -0.0804962
1.471 -0.0784383
1.479 -0.0764255
1.487 -0.0744567
1.495 -0.0725306
1.503 -0.0706461
1.511 -0.068802
1.519 -0.0669972
1.527 -0.0652306
1.535 -0.0635012
1.543 -0.0618079
1.551 -0.0601497
1.559 -0.0585258
1.567 -0.0569351
1.575 -0.0553768
1.591 -0.0523539
1.607 -0.0494502
1.623 -0.0466597
1.639 -0.0439765
1.655 -0.0413951
1.671 -0.0389104
1.687 -0.0365177
1.703 -0.0342124
1.719 -0.0319906
1.735 -0.0298482
1.751 -0.0277816
1.767 -0.0257875
1.783 -0.0238627
1.799 -0.0220043
1.815 -0.0202093
1.831 -0.0184754
1.847 -0.0167999
1.863 -0.0151807
1.879 -0.0136157
1.895 -0.0121026
1.911 -0.0106398
1.927 -0.00922535
1.943 -0.0078576
1.959 -0.00653495
1.975 -0.00525589
1.991 -0.00401899
2.007 -0.00282289
2.023 -0.00166629
2.039 -0.00054797
2.055 0.000533251
2.071 0.00157849
2.087 0.00258882
2.103 0.00356525
2.119 0.00450879
2.135 0.00542035
2.151 0.00630086
2.167 0.00715117
2.183 0.00797213
2.199 0.00876455
2.215 0.00952921
2.231 0.0102669
2.247 0.0109782
2.263 0.011664
2.279 0.0123249
2.295 0.0129615
2.311 0.0135746
2.327 0.0141647
2.359 0.0152784
2.391 0.0163073
2.423 0.0172557
2.455 0.0181279
2.487 0.0189277
2.519 0.019659
2.551 0.0203253
2.583 0.0209301
2.615 0.0214765
2.647 0.0219677
2.679 0.0224066
2.711 0.022796
2.743 0.0231386
2.775 0.023437
2.807 0.0236937
2.839 0.0239109
2.871 0.024091
2.903 0.0242359
2.935 0.0243478
2.967 0.0244286
2.999 0.0244802
3.031 0.0245043
3.063 0.0245025
3.095 0.0244765
3.127 0.0244279
3.159 0.024358
3.191 0.0242683
3.223 0.0241601
3.255 0.0240346
3.287 0.023893
3.319 0.0237365
3.351 0.0235661
3.383 0.0233829
3.415 0.0231879
3.447 0.022982
3.479 0.022766
3.511 0.0225409
3.543 0.0223073
3.575 0.0220661
3.607 0.0218179
3.639 0.0215635
3.671 0.0213035
3.703 0.0210385
3.735 0.020769
3.767 0.0204957
3.799 0.0202189
3.831 0.0199393
3.863 0.0196572
3.895 0.0193732
3.927 0.0190875
3.959 0.0188006
3.991 0.0185129
4.023 0.0182246
4.087 0.0176478
4.151 0.0170725
4.215 0.0165007
4.279 0.0159342
4.343 0.0153746
4.407 0.0148231
4.471 0.014281
4.535 0.0137491
4.599 0.0132283
4.663 0.0127192
4.727 0.0122225
4.791 0.0117384
4.855 0.0112675
4.919 0.0108098
4.983 0.0103656
5.047 0.00993488
5.111 0.00951777
5.175 0.00911421
5.239 0.00872412
5.303 0.00834737
5.367 0.00798381
5.431 0.00763325
5.495 0.00729549
5.559 0.00697026
5.623 0.00665733
5.687 0.00635642
5.751 0.00606723
5.815 0.00578947
5.879 0.00552284
5.943 0.00526701
6.007 0.00502169
6.071 0.00478653
6.135 0.00456124
6.199 0.00434549
6.263 0.00413896
6.327 0.00394133
6.391 0.00375231
6.455 0.00357157
6.519 0.00339882
6.583 0.00323377
6.647 0.00307612
6.711 0.00292558
6.775 0.00278189
6.839 0.00264477
6.903 0.00251397
6.967 0.00238921
7.031 0.00227026
7.095 0.00215688
7.159 0.00204883
7.223 0.00194589
7.287 0.00184784
7.351 0.00175447
7.415 0.00166557
7.479 0.00158095
7.543 0.00150042
7.607 0.00142381
7.671 0.00135092
7.735 0.0012816
7.799 0.00121568
7.863 0.00115301
7.927 0.00109344
8.055 0.000983021
8.183 0.000883353
8.311 0.000793444
8.439 0.000712388
8.567 0.000639356
8.695 0.00057359
8.823 0.000514398
8.951 0.000461149
9.079 0.00041327
9.207 0.000370239
9.335 0.000331583
9.463 0.000296871
9.591 0.000265714
9.719 0.000237758
9.847 0.000212684
9.975 0.000190203
10.103 0.000170054
10.231 0.000152001
10.359 0.000135832
10.487 0.000121353
10.615 0.000108393
10.743 9.67954e-05
10.871 8.64199e-05
10.999 7.71403e-05
11.127 6.88431e-05
11.255 6.14261e-05
11.383 5.47975e-05
11.511 4.88751e-05
11.639 4.35848e-05
11.767 3.88602e-05
11.895 3.46417e-05
12.023 3.08759e-05
12.151 2.7515e-05
12.279 2.4516e-05
12.407 2.18404e-05
12.663 1.73256e-05
12.919 1.37361e-05
13.175 1.08843e-05
13.431 8.61993e-06
13.687 6.82321e-06
13.943 5.39838e-06
14.199 4.26911e-06
14.455 3.37456e-06
14.711 2.66633e-06
14.967 2.10587e-06
15.223 1.66257e-06
15.479 1.31209e-06
15.735 1.03511e-06
15.991 8.16323e-07
