0 0.1
0.001 0.0890718
0.003 0.0677576
0.005 0.0471428
0.007 0.0272011
0.009 0.00790828
0.011 -0.0107582
0.013 -0.0288192
0.015 -0.0462941
0.017 -0.0632006
0.019 -0.0795554
0.021 -0.0953736
0.023 -0.11067
0.025 -0.125456
0.027 -0.139746
0.029 -0.153549
0.031 -0.166878
0.033 -0.17974
0.035 -0.192146
0.037 -0.204104
0.039 -0.215621
0.041 -0.226705
0.043 -0.237363
0.045 -0.247601
0.047 -0.257425
0.049 -0.266842
0.051 -0.275856
0.053 -0.284473
0.055 -0.292698
0.057 -0.300535
0.059 -0.30799
0.061 -0.315066
0.063 -0.321769
0.065 -0.328103
0.067 -0.334071
0.069 -0.339679
0.071 -0.34493
0.073 -0.349828
0.075 -0.354378
0.077 -0.358584
0.079 -0.362449
0.081 -0.365979
0.083 -0.369177
0.085 -0.372048
0.089 -0.376825
0.093 -0.380345
0.097 -0.382644
0.101 -0.383761
0.105 -0.383733
0.109 -0.382601
0.113 -0.380405
0.117 -0.377187
0.121 -0.372989
0.125 -0.367857
0.129 -0.361834
0.133 -0.354966
0.137 -0.347299
0.141 -0.338878
0.145 -0.329752
0.149 -0.319966
0.153 -0.309567
0.157 -0.298603
0.161 -0.287119
0.165 -0.275163
0.169 -0.262779
0.173 -0.250014
0.177 -0.236911
0.181 -0.223515
0.185 -0.209867
0.189 -0.196011
0.193 -0.181988
0.197 -0.167835
0.201 -0.153594
0.205 -0.1393
0.209 -0.124991
0.213 -0.1107
0.217 -0.096461
0.221 -0.0823065
0.225 -0.0682668
0.229 -0.0543711
0.233 -0.0406472
0.237 -0.0271213
0.241 -0.0138183
0.245 -0.000761453
0.249 0.0120272
0.253 0.0245273
0.257 0.0367197
0.261 0.0485867
0.265 0.0601122
0.269 0.0712813
0.273 0.0820804
0.277 0.0924973
0.281 0.102521
0.285 0.112142
0.289 0.121352
0.293 0.130143
0.297 0.138509
0.301 0.146446
0.305 0.153949
0.309 0.161016
0.313 0.167644
0.317 0.173833
0.321 0.179582
0.325 0.184894
0.329 0.189768
0.333 0.194208
0.337 0.198217
0.341 0.2018
0.345 0.204959
0.349 0.207702
0.353 0.210034
0.357 0.211961
0.361 0.21349
0.365 0.214629
0.369 0.215386
0.373 0.215769
0.377 0.215786
0.381 0.215448
0.385 0.214762
0.389 0.21374
0.393 0.21239
0.397 0.210723
0.401 0.208749
0.405 0.206478
0.409 0.203923
0.413 0.201092
0.417 0.197996
0.421 0.194648
0.425 0.191057
0.429 0.187235
0.433 0.183192
0.437 0.178939
0.441 0.174487
0.445 0.169848
0.449 0.165031
0.453 0.160047
0.457 0.154907
0.461 0.149622
0.465 0.144201
0.469 0.138654
0.473 0.132992
0.477 0.127224
0.481 0.12136
0.485 0.115409
0.489 0.109381
0.493 0.103285
0.497 0.0971292
0.505 0.0846728
0.513 0.0720788
0.521 0.05941
0.529 0.0467252
0.537 0.0340801
0.545 0.021526
0.553 0.00911101
0.561 -0.00312085
0.569 -0.0151291
0.577 -0.0268768
0.585 -0.0383306
0.593 -0.0494607
0.601 -0.0602403
0.609 -0.070646
0.617 -0.0806575
0.625 -0.0902574
0.633 -0.099431
0.641 -0.108166
0.649 -0.116454
0.657 -0.124287
0.665 -0.13166
0.673 -0.138571
0.681 -0.145019
0.689 -0.151004
0.697 -0.15653
0.705 -0.161601
0.713 -0.166221
0.721 -0.170399
0.729 -0.174142
0.737 -0.177458
0.745 -0.18036
0.753 -0.182855
0.761 -0.184958
0.769 -0.186679
0.777 -0.188032
0.785 -0.189029
0.793 -0.189684
0.801 -0.19001
0.809 -0.190023
0.817 -0.189735
0.825 -0.189162
0.833 -0.188317
0.841 -0.187214
0.849 -0.185869
0.857 -0.184294
0.865 -0.182503
0.873 -0.180511
0.881 -0.17833
0.889 -0.175975
0.897 -0.173457
0.905 -0.170789
0.913 -0.167984
0.921 -0.165053
0.929 -0.162007
0.937 -0.158859
0.945 -0.155619
0.953 -0.152296
0.961 -0.148902
0.969 -0.145445
0.977 -0.141935
0.985 -0.13838
1.001 -0.13117
1.017 -0.123876
1.025 -0.120216
1.033 -0.116555
1.041 -0.1129
1.049 -0.109257
1.057 -0.10563
1.065 -0.102025
1.073 -0.0984457
1.081 -0.0948973
1.089 -0.0913835
1.097 -0.0879081
1.105 -0.0844743
1.113 -0.0810855
1.121 -0.0777443
1.129 -0.0744535
1.137 -0.0712153
1.145 -0.068032
1.153 -0.0649054
1.161 -0.0618371
1.169 -0.0588286
1.177 -0.0558813
1.185 -0.0529961
1.193 -0.0501741
1.201 -0.0474159
1.209 -0.0447221
1.217 -0.0420933
1.225 -0.0395295
1.233 -0.0370312
1.241 -0.0345982
1.249 -0.0322306
1.257 -0.0299281
1.265 -0.0276904
1.273 -0.0255173
1.281 -0.0234082
1.289 -0.0213626
1.297 -0.01938
1.313 -0.0156006
1.329 -0.0120639
1.345 -0.00876311
1.361 -0.00569058
1.377 -0.00283825
1.393 -0.000197611
1.409 0.00224009
1.425 0.00448382
1.441 0.00654262
1.457 0.00842558
1.473 0.0101417
1.489 0.0117
1.505 0.0131092
1.521 0.014378
1.537 0.0155146
1.553 0.0165274
1.569 0.0174241
1.585 0.0182123
1.601 0.0188994
1.617 0.0194923
1.633 0.0199977
1.649 0.020422
1.665 0.0207713
1.681 0.0210512
1.697 0.0212673
1.713 0.0214246
1.729 0.0215281
1.745 0.0215823
1.761 0.0215915
1.777 0.0215597
1.793 0.0214907
1.809 0.021388
1.825 0.0212549
1.841 0.0210946
1.857 0.0209097
1.873 0.0207031
1.889 0.0204771
1.905 0.020234
1.921 0.019976
1.937 0.019705
1.953 0.0194227
1.969 0.019131
1.985 0.0188311
2.001 0.0185246
2.017 0.0182128
2.033 0.0178967
2.049 0.0175775
2.065 0.0172561
2.081 0.0169335
2.097 0.0166103
2.129 0.0159653
2.161 0.015326
2.193 0.0146964
2.225 0.0140797
2.257 0.0134782
2.289 0.0128939
2.321 0.012328
2.353 0.0117814
2.385 0.0112549
2.417 0.0107486
2.449 0.0102625
2.481 0.00979673
2.513 0.00935084
2.545 0.00892449
2.577 0.00851721
2.609 0.00812844
2.641 0.00775759
2.673 0.00740404
2.705 0.00706714
2.737 0.00674623
2.769 0.00644063
2.801 0.00614969
2.833 0.00587276
2.865 0.0056092
2.897 0.00535837
2.929 0.00511969
2.961 0.00489256
2.993 0.00467641
3.057 0.00427495
3.121 0.00391121
3.185 0.00358151
3.249 0.00328246
3.313 0.00301102
3.377 0.00276445
3.441 0.00254028
3.505 0.00233628
3.569 0.00215049
3.633 0.0019811
3.697 0.00182653
3.761 0.00168534
3.825 0.00155626
3.889 0.00143813
3.953 0.00132992
4.017 0.0012307
4.081 0.00113965
4.145 0.00105601
4.209 0.000979124
4.273 0.000908371
4.337 0.000843213
4.401 0.000783156
4.465 0.000727757
4.529 0.000676615
4.593 0.000629368
4.657 0.000585686
4.721 0.000545273
4.785 0.000507858
4.849 0.000473197
4.913 0.000441066
4.977 0.000411263
5.041 0.000383603
5.105 0.000357918
5.169 0.000334054
5.297 0.000291239
5.425 0.000254174
5.553 0.00022203
5.681 0.000194111
5.809 0.000169827
5.937 0.000148678
6.065 0.000130239
6.193 0.000114145
6.321 0.000100085
6.449 8.77925e-05
6.577 7.70375e-05
6.705 6.76214e-05
6.833 5.93728e-05
6.961 5.21433e-05
7.089 4.58041e-05
7.217 4.02433e-05
7.345 3.53636e-05
7.473 3.10803e-05
7.601 2.73194e-05
7.729 2.40164e-05
7.857 2.11149e-05
7.985 1.85656e-05
8.113 1.63254e-05
8.241 1.43566e-05
8.497 1.11046e-05
8.753 8.59097e-06
9.009 6.64729e-06
9.265 5.14396e-06
9.521 3.98097e-06
9.777 3.08114e-06
