0 0.1
0.001 0.100094
0.003 0.10025
0.005 0.100362
0.007 0.100429
0.009 0.100452
0.011 0.10043
0.013 0.100364
0.015 0.100254
0.017 0.1001
0.019 0.0999029
0.021 0.0996621
0.023 0.0993782
0.025 0.0990518
0.027 0.0986833
0.029 0.0982731
0.031 0.0978218
0.033 0.0973299
0.035 0.0967981
0.037 0.096227
0.039 0.0956173
0.041 0.0949696
0.043 0.0942848
0.045 0.0935636
0.047 0.0928068
0.049 0.0920152
0.051 0.0911896
0.053 0.0903309
0.055 0.0894401
0.057 0.088518
0.059 0.0875655
0.061 0.0865836
0.063 0.0855732
0.065 0.0845354
0.067 0.083471
0.069 0.082381
0.071 0.0812666
0.073 0.0801286
0.075 0.0789681
0.077 0.077786
0.079 0.0765835
0.081 0.0753615
0.083 0.0741211
0.085 0.0728632
0.089 0.0702992
0.093 0.0676777
0.097 0.0650068
0.101 0.0622943
0.105 0.0595482
0.109 0.0567761
0.113 0.0539856
0.117 0.051184
0.121 0.0483783
0.125 0.0455755
0.129 0.0427823
0.133 0.040005
0.137 0.0372497
0.141 0.0345223
0.145 0.0318285
0.149 0.0291734
0.153 0.0265621
0.157 0.0239993
0.161 0.0214894
0.165 0.0190366
0.169 0.0166446
0.173 0.014317
0.177 0.012057
0.181 0.00986768
0.185 0.00775162
0.189 0.00571125
0.193 0.0037487
0.197 0.00186584
0.201 6.42851e-05
0.205 -0.00165461
0.209 -0.00328973
0.213 -0.00484018
0.217 -0.00630531
0.221 -0.00768468
0.225 -0.00897805
0.229 -0.0101854
0.233 -0.0113069
0.237 -0.0123429
0.241 -0.0132939
0.245 -0.0141605
0.249 -0.0149437
0.253 -0.0156444
0.257 -0.0162638
0.261 -0.016803
0.265 -0.0172635
0.269 -0.0176468
0.273 -0.0179544
0.277 -0.018188
0.281 -0.0183495
0.285 -0.0184406
0.289 -0.0184634
0.293 -0.0184197
0.297 -0.0183117
0.301 -0.0181415
0.305 -0.0179111
0.309 -0.0176229
0.313 -0.017279
0.317 -0.0168817
0.321 -0.0164332
0.325 -0.0159358
0.329 -0.0153919
0.333 -0.0148037
0.337 -0.0141735
0.341 -0.0135037
0.345 -0.0127964
0.349 -0.012054
0.353 -0.0112788
0.357 -0.010473
0.361 -0.00963874
0.365 -0.00877827
0.369 -0.00789375
0.373 -0.0069873
0.377 -0.006061
0.381 -0.00511691
0.385 -0.00415705
0.389 -0.00318339
0.393 -0.00219785
0.397 -0.00120232
0.401 -0.000198647
0.405 0.000811392
0.409 0.00182605
0.413 0.00284364
0.417 0.00386252
0.421 0.0048811
0.425 0.00589784
0.429 0.00691126
0.433 0.00791992
0.437 0.00892246
0.441 0.00991754
0.445 0.0109039
0.449 0.0118803
0.453 0.0128456
0.457 0.0137986
0.461 0.0147384
0.465 0.0156638
0.469 0.016574
0.473 0.0174681
0.477 0.0183451
0.481 0.0192042
0.485 0.0200448
0.489 0.0208661
0.493 0.0216674
0.497 0.0224481
0.505 0.0239455
0.513 0.0253543
0.521 0.026671
0.529 0.027893
0.537 0.0290181
0.545 0.0300448
0.553 0.030972
0.561 0.0317994
0.569 0.0325269
0.577 0.0331549
0.585 0.0336843
0.593 0.0341162
0.601 0.0344522
0.609 0.0346943
0.617 0.0348444
0.625 0.034905
0.633 0.0348786
0.641 0.0347682
0.649 0.0345766
0.657 0.034307
0.665 0.0339625
0.673 0.0335466
0.681 0.0330626
0.689 0.032514
0.697 0.0319042
0.705 0.0312369
0.713 0.0305155
0.721 0.0297435
0.729 0.0289246
0.737 0.0280621
0.745 0.0271595
0.753 0.0262202
0.761 0.0252475
0.769 0.0242447
0.777 0.0232149
0.785 0.0221612
0.793 0.0210866
0.801 0.0199941
0.809 0.0188865
0.817 0.0177664
0.825 0.0166364
0.833 0.0154992
0.841 0.0143571
0.849 0.0132123
0.857 0.0120671
0.865 0.0109235
0.873 0.0097835
0.881 0.00864899
0.889 0.00752169
0.897 0.00640326
0.905 0.00529525
0.913 0.00419911
0.921 0.00311619
0.929 0.00204773
0.937 0.0009949
0.945 -4.12345e-05
0.953 -0.0010597
0.961 -0.00205959
0.969 -0.00304011
0.977 -0.00400052
0.985 -0.00494018
1.001 -0.00675497
1.017 -0.00848068
1.025 -0.00930923
1.033 -0.0101145
1.041 -0.0108964
1.049 -0.0116548
1.057 -0.0123894
1.065 -0.0131003
1.073 -0.0137875
1.081 -0.014451
1.089 -0.0150909
1.097 -0.0157073
1.105 -0.0163004
1.113 -0.0168702
1.121 -0.0174171
1.129 -0.0179413
1.137 -0.018443
1.145 -0.0189226
1.153 -0.0193802
1.161 -0.0198163
1.169 -0.0202312
1.177 -0.0206252
1.185 -0.0209988
1.193 -0.0213522
1.201 -0.0216859
1.209 -0.0220004
1.217 -0.0222959
1.225 -0.022573
1.233 -0.022832
1.241 -0.0230734
1.249 -0.0232977
1.257 -0.0235052
1.265 -0.0236963
1.273 -0.0238717
1.281 -0.0240315
1.289 -0.0241764
1.297 -0.0243067
1.313 -0.0245254
1.329 -0.024691
1.345 -0.0248069
1.361 -0.0248763
1.377 -0.0249025
1.393 -0.0248885
1.409 -0.0248374
1.425 -0.0247519
1.441 -0.0246349
1.457 -0.024489
1.473 -0.0243167
1.489 -0.0241204
1.505 -0.0239023
1.521 -0.0236646
1.537 -0.0234093
1.553 -0.0231383
1.569 -0.0228534
1.585 -0.0225562
1.601 -0.0222484
1.617 -0.0219313
1.633 -0.0216064
1.649 -0.0212749
1.665 -0.0209379
1.681 -0.0205966
1.697 -0.020252
1.713 -0.019905
1.729 -0.0195564
1.745 -0.019207
1.761 -0.0188575
1.777 -0.0185086
1.793 -0.0181608
1.809 -0.0178147
1.825 -0.0174708
1.841 -0.0171296
1.857 -0.0167913
1.873 -0.0164563
1.889 -0.016125
1.905 -0.0157977
1.921 -0.0154745
1.937 -0.0151557
1.953 -0.0148414
1.969 -0.0145319
1.985 -0.0142272
2.001 -0.0139274
2.017 -0.0136327
2.033 -0.0133431
2.049 -0.0130586
2.065 -0.0127794
2.081 -0.0125053
2.097 -0.0122365
2.129 -0.0117144
2.161 -0.0112131
2.193 -0.0107322
2.225 -0.0102713
2.257 -0.00983007
2.289 -0.00940786
2.321 -0.00900411
2.353 -0.0086182
2.385 -0.00824951
2.417 -0.00789737
2.449 -0.00756113
2.481 -0.00724014
2.513 -0.00693376
2.545 -0.00664135
2.577 -0.00636228
2.609 -0.00609596
2.641 -0.00584179
2.673 -0.00559922
2.705 -0.00536771
2.737 -0.00514672
2.769 -0.00493575
2.801 -0.00473433
2.833 -0.004542
2.865 -0.00435832
2.897 -0.00418286
2.929 -0.00401524
2.961 -0.00385507
2.993 -0.00370199
3.057 -0.00341575
3.121 -0.00315398
3.185 -0.00291439
3.249 -0.00269489
3.313 -0.00249364
3.377 -0.00230895
3.441 -0.00213931
3.505 -0.00198336
3.569 -0.00183988
3.633 -0.00170775
3.697 -0.00158598
3.761 -0.00147367
3.825 -0.00137
3.889 -0.00127424
3.953 -0.00118571
4.017 -0.00110381
4.081 -0.001028
4.145 -0.000957781
4.209 -0.000892691
4.273 -0.000832322
4.337 -0.0007763
4.401 -0.000724282
4.465 -0.000675957
4.529 -0.000631038
4.593 -0.000589267
4.657 -0.000550403
4.721 -0.000514229
4.785 -0.000480545
4.849 -0.000449165
4.913 -0.000419921
4.977 -0.000392659
5.041 -0.000367234
5.105 -0.000343515
5.169 -0.000321382
5.297 -0.000281429
5.425 -0.00024658
5.553 -0.000216151
5.681 -0.00018956
5.809 -0.000166304
5.937 -0.000145951
6.065 -0.000128127
6.193 -0.00011251
6.321 -9.88194e-05
6.449 -8.68129e-05
6.577 -7.62791e-05
6.705 -6.70342e-05
6.833 -5.89183e-05
6.961 -5.17914e-05
7.089 -4.55317e-05
7.217 -4.00324e-05
7.345 -3.52004e-05
7.473 -3.09539e-05
7.601 -2.72216e-05
7.729 -2.39406e-05
7.857 -2.10563e-05
7.985 -1.85202e-05
8.113 -1.62903e-05
8.241 -1.43294e-05
8.497 -1.10883e-05
8.753 -8.58119e-06
9.009 -6.64143e-06
9.265 -5.14044e-06
9.521 -3.97887e-06
9.777 -3.07987e-06
