0 0.5
0.001 0.500487
0.003 0.501386
0.005 0.502181
0.007 0.502872
0.009 0.503455
0.011 0.503929
0.013 0.504294
0.015 0.504547
0.017 0.504688
0.019 0.504715
0.021 0.504627
0.023 0.504424
0.025 0.504105
0.027 0.503669
0.029 0.503115
0.031 0.502444
0.033 0.501655
0.035 0.500748
0.037 0.499722
0.039 0.498578
0.041 0.497314
0.043 0.495933
0.045 0.494433
0.047 0.492814
0.049 0.491078
0.051 0.489223
0.053 0.487252
0.055 0.485164
0.057 0.482959
0.059 0.480638
0.061 0.478202
0.063 0.475651
0.065 0.472986
0.067 0.470208
0.069 0.467317
0.071 0.464315
0.073 0.461201
0.075 0.457978
0.077 0.454645
0.079 0.451204
0.081 0.447656
0.083 0.444001
0.085 0.440241
0.087 0.436377
0.089 0.432409
0.091 0.42834
0.093 0.424169
0.095 0.419899
0.097 0.41553
0.099 0.411063
0.101 0.406501
0.103 0.401843
0.105 0.397091
0.107 0.392247
0.109 0.387311
0.111 0.382285
0.113 0.377171
0.115 0.371969
0.117 0.366681
0.121 0.355851
0.125 0.344692
0.129 0.333215
0.131 0.327361
0.133 0.321431
0.135 0.315427
0.137 0.30935
0.139 0.303202
0.141 0.296983
0.143 0.290696
0.145 0.284342
0.147 0.277921
0.149 0.271436
0.151 0.264887
0.153 0.258277
0.155 0.251606
0.157 0.244875
0.159 0.238087
0.161 0.231241
0.163 0.224341
0.165 0.217386
0.167 0.210378
0.169 0.20332
0.171 0.19621
0.173 0.189052
0.175 0.181846
0.177 0.174594
0.179 0.167297
0.181 0.159956
0.183 0.152571
0.185 0.145146
0.187 0.13768
0.189 0.130175
0.191 0.122632
0.193 0.115052
0.195 0.107437
0.197 0.0997865
0.199 0.092103
0.201 0.0843872
0.203 0.0766403
0.205 0.0688632
0.207 0.061057
0.209 0.0532228
0.211 0.0453616
0.213 0.0374745
0.215 0.0295625
0.217 0.0216265
0.219 0.0136675
0.221 0.00568657
0.223 -0.00231543
0.225 -0.0103375
0.227 -0.0183788
0.229 -0.0264384
0.231 -0.0345153
0.233 -0.0426087
0.235 -0.0507178
0.237 -0.0588416
0.239 -0.0669794
0.241 -0.0751302
0.243 -0.0832934
0.245 -0.0914681
0.247 -0.0996535
0.249 -0.107849
0.251 -0.116053
0.253 -0.124266
0.255 -0.132487
0.257 -0.140715
0.259 -0.148949
0.261 -0.157189
0.263 -0.165433
0.265 -0.173682
0.267 -0.181935
0.269 -0.19019
0.271 -0.198448
0.273 -0.206708
0.275 -0.214969
0.277 -0.22323
0.279 -0.231492
0.281 -0.239752
0.283 -0.248012
0.285 -0.25627
0.287 -0.264526
0.289 -0.272779
0.291 -0.281028
0.293 -0.289274
0.295 -0.297516
0.297 -0.305753
0.299 -0.313984
0.301 -0.32221
0.303 -0.33043
0.305 -0.338643
0.307 -0.346849
0.309 -0.355048
0.311 -0.363239
0.313 -0.371421
0.315 -0.379595
0.317 -0.38776
0.319 -0.395915
0.321 -0.40406
0.323 -0.412195
0.325 -0.42032
0.327 -0.428433
0.329 -0.436535
0.331 -0.444626
0.333 -0.452704
0.335 -0.46077
0.337 -0.468824
0.339 -0.476864
0.341 -0.484891
0.343 -0.492905
0.347 -0.508889
0.351 -0.524816
0.355 -0.540683
0.359 -0.556487
0.363 -0.572227
0.367 -0.5879
0.371 -0.603504
0.375 -0.619038
0.379 -0.6345
0.383 -0.649887
0.387 -0.665199
0.391 -0.680434
0.395 -0.695589
0.399 -0.710664
0.403 -0.725657
0.407 -0.740567
0.411 -0.755391
0.415 -0.77013
0.419 -0.784781
0.423 -0.799343
0.427 -0.813814
0.431 -0.828195
0.435 -0.842483
0.439 -0.856677
0.443 -0.870777
0.447 -0.884781
0.451 -0.898688
0.455 -0.912497
0.459 -0.926207
0.463 -0.939818
0.467 -0.953327
0.471 -0.966735
0.475 -0.980041
0.479 -0.993243
0.483 -1.00634
0.487 -1.01933
0.491 -1.03222
0.495 -1.045
0.499 -1.05768
0.503 -1.07024
0.507 -1.0827
0.511 -1.09505
0.515 -1.10728
0.519 -1.11941
0.523 -1.13143
0.527 -1.14333
0.531 -1.15513
0.535 -1.16681
0.539 -1.17837
0.543 -1.18983
0.547 -1.20117
0.551 -1.21239
0.555 -1.22351
0.559 -1.2345
0.563 -1.24538
0.567 -1.25615
0.571 -1.26679
0.575 -1.27733
0.579 -1.28774
0.583 -1.29804
0.587 -1.30822
0.591 -1.31829
0.595 -1.32824
0.599 -1.33807
0.603 -1.34778
0.607 -1.35738
0.611 -1.36686
0.615 -1.37622
0.619 -1.38546
0.623 -1.39459
0.627 -1.4036
0.631 -1.41249
0.635 -1.42126
0.639 -1.42992
0.643 -1.43846
0.647 -1.44688
0.651 -1.45519
0.655 -1.46338
0.659 -1.47145
0.663 -1.47941
0.667 -1.48725
0.671 -1.49498
0.675 -1.5026
0.679 -1.51009
0.683 -1.51748
0.687 -1.52475
0.691 -1.53191
0.695 -1.53895
0.699 -1.54588
0.703 -1.5527
0.707 -1.55941
0.711 -1.56601
0.715 -1.5725
0.719 -1.57888
0.723 -1.58515
0.727 -1.59131
0.731 -1.59736
0.735 -1.60331
0.739 -1.60915
0.743 -1.61488
0.747 -1.62051
0.755 -1.63146
0.763 -1.64199
0.771 -1.65212
0.779 -1.66185
0.787 -1.67119
0.795 -1.68014
0.803 -1.68871
0.811 -1.69691
0.819 -1.70475
0.827 -1.71223
0.835 -1.71936
0.843 -1.72614
0.851 -1.73259
0.859 -1.73872
0.867 -1.74452
0.875 -1.75001
0.883 -1.7552
0.891 -1.76008
0.899 -1.76468
0.907 -1.769
0.915 -1.77304
0.923 -1.77681
0.931 -1.78032
0.935 -1.78198
0.939 -1.78358
0.943 -1.78511
0.947 -1.78659
0.951 -1.788
0.955 -1.78936
0.959 -1.79065
0.963 -1.79189
0.967 -1.79308
0.971 -1.7942
0.975 -1.79527
0.979 -1.79629
0.983 -1.79726
0.987 -1.79817
0.991 -1.79903
0.995 -1.79983
0.999 -1.80059
1.003 -1.8013
1.007 -1.80196
1.011 -1.80257
1.015 -1.80313
1.019 -1.80365
1.023 -1.80412
1.027 -1.80454
1.031 -1.80492
1.035 -1.80526
1.039 -1.80555
1.043 -1.8058
1.047 -1.80601
1.051 -1.80617
1.055 -1.8063
1.059 -1.80638
1.063 -1.80643
1.067 -1.80643
1.071 -1.8064
1.075 -1.80633
1.079 -1.80622
1.083 -1.80607
1.087 -1.80589
1.091 -1.80567
1.095 -1.80542
1.099 -1.80513
1.103 -1.8048
1.107 -1.80445
1.111 -1.80406
1.115 -1.80363
1.119 -1.80318
1.123 -1.80269
1.127 -1.80217
1.131 -1.80162
1.135 -1.80104
1.139 -1.80043
1.143 -1.79979
1.147 -1.79912
1.151 -1.79842
1.155 -1.7977
1.159 -1.79694
1.163 -1.79616
1.167 -1.79535
1.171 -1.79451
1.175 -1.79365
1.179 -1.79276
1.183 -1.79184
1.187 -1.7909
1.191 -1.78994
1.195 -1.78895
1.199 -1.78793
1.203 -1.78689
1.207 -1.78583
1.215 -1.78363
1.223 -1.78135
1.231 -1.77897
1.239 -1.77651
1.247 -1.77396
1.255 -1.77133
1.263 -1.76862
1.271 -1.76583
1.279 -1.76297
1.287 -1.76003
1.295 -1.75702
1.303 -1.75394
1.311 -1.7508
1.319 -1.74758
1.327 -1.7443
1.335 -1.74096
1.343 -1.73755
1.351 -1.73408
1.359 -1.73056
1.367 -1.72698
1.375 -1.72334
1.383 -1.71964
1.391 -1.7159
1.399 -1.7121
1.407 -1.70825
1.415 -1.70435
1.423 -1.7004
1.431 -1.6964
1.439 -1.69236
1.447 -1.68828
1.455 -1.68415
1.463 -1.67997
1.471 -1.67576
1.479 -1.6715
1.487 -1.66721
1.495 -1.66288
1.503 -1.65851
1.511 -1.6541
1.519 -1.64965
1.527 -1.64518
1.535 -1.64066
1.543 -1.63612
1.551 -1.63154
1.559 -1.62693
1.567 -1.62229
1.575 -1.61762
1.591 -1.6082
1.607 -1.59866
1.623 -1.58903
1.639 -1.57929
1.655 -1.56947
1.671 -1.55956
1.687 -1.54956
1.703 -1.53949
1.719 -1.52935
1.735 -1.51915
1.751 -1.50888
1.767 -1.49856
1.783 -1.48818
1.799 -1.47776
1.815 -1.46729
1.831 -1.45678
1.847 -1.44624
1.863 -1.43566
1.879 -1.42506
1.895 -1.41443
1.911 -1.40378
1.927 -1.39311
1.943 -1.38243
1.959 -1.37174
1.975 -1.36103
1.991 -1.35032
2.007 -1.33961
2.023 -1.3289
2.039 -1.31819
2.055 -1.30749
2.071 -1.29679
2.087 -1.28611
2.103 -1.27543
2.119 -1.26477
2.135 -1.25413
2.151 -1.24351
2.167 -1.23291
2.183 -1.22233
2.199 -1.21178
2.215 -1.20126
2.231 -1.19076
2.247 -1.18029
2.263 -1.16986
2.279 -1.15946
2.295 -1.1491
2.311 -1.13877
2.327 -1.12848
2.359 -1.10803
2.391 -1.08774
2.423 -1.06763
2.455 -1.04771
2.487 -1.02798
2.519 -1.00846
2.551 -0.989152
2.583 -0.970056
2.615 -0.951183
2.647 -0.932536
2.679 -0.914121
2.711 -0.895941
2.743 -0.877999
2.775 -0.860298
2.807 -0.842842
2.839 -0.825632
2.871 -0.808671
2.903 -0.791959
2.935 -0.775497
2.967 -0.759287
2.999 -0.743329
3.031 -0.727623
3.063 -0.71217
3.095 -0.696968
3.127 -0.682017
3.159 -0.667317
3.191 -0.652866
3.223 -0.638664
3.255 -0.624709
3.287 -0.611
3.319 -0.597534
3.351 -0.584311
3.383 -0.571329
3.415 -0.558584
3.447 -0.546076
3.479 -0.533801
3.511 -0.521759
3.543 -0.509945
3.575 -0.498358
3.607 -0.486995
3.639 -0.475854
3.671 -0.464931
3.703 -0.454225
3.735 -0.443732
3.767 -0.433449
3.799 -0.423374
3.831 -0.413504
3.863 -0.403836
3.895 -0.394366
3.927 -0.385093
3.959 -0.376012
3.991 -0.367122
4.023 -0.358419
4.087 -0.341561
4.151 -0.325417
4.215 -0.309962
4.279 -0.295172
4.343 -0.281025
4.407 -0.267498
4.471 -0.254568
4.535 -0.242213
4.599 -0.230412
4.663 -0.219143
4.727 -0.208386
4.791 -0.19812
4.855 -0.188327
4.919 -0.178986
4.983 -0.17008
5.047 -0.16159
5.111 -0.153499
5.175 -0.145791
5.239 -0.138448
5.303 -0.131455
5.367 -0.124797
5.431 -0.11846
5.495 -0.112429
5.559 -0.10669
5.623 -0.10123
5.687 -0.096038
5.751 -0.0911003
5.815 -0.0864058
5.879 -0.0819431
5.943 -0.0777018
6.007 -0.0736713
6.071 -0.069842
6.135 -0.0662043
6.199 -0.0627493
6.263 -0.0594682
6.327 -0.0563527
6.391 -0.053395
6.455 -0.0505874
6.519 -0.0479227
6.583 -0.045394
6.647 -0.0429946
6.711 -0.0407183
6.775 -0.038559
6.839 -0.0365109
6.903 -0.0345685
6.967 -0.0327267
7.031 -0.0309804
7.095 -0.0293248
7.159 -0.0277554
7.223 -0.0262679
7.287 -0.0248582
7.351 -0.0235223
7.415 -0.0222565
7.479 -0.0210572
7.543 -0.0199211
7.607 -0.0188449
7.671 -0.0178256
7.735 -0.0168603
7.799 -0.0159461
7.863 -0.0150805
7.927 -0.014261
8.055 -0.0127505
8.183 -0.0113972
8.311 -0.010185
8.439 -0.00909953
8.567 -0.00812789
8.695 -0.00725838
8.823 -0.00648048
8.951 -0.00578472
9.079 -0.00516261
9.207 -0.00460648
9.335 -0.00410946
9.463 -0.00366538
9.591 -0.00326868
9.719 -0.0029144
9.847 -0.00259807
9.975 -0.00231567
10.103 -0.00206364
10.231 -0.00183873
10.359 -0.00163808
10.487 -0.00145911
10.615 -0.00129949
10.743 -0.00115717
10.871 -0.00103029
10.999 -0.000917188
11.127 -0.000816394
11.255 -0.000726581
11.383 -0.000646564
11.511 -0.000575287
11.639 -0.000511804
11.767 -0.000455271
11.895 -0.000404934
12.023 -0.000360121
12.151 -0.000320231
12.279 -0.000284728
12.407 -0.000253133
12.663 -0.000200011
12.919 -0.000157971
13.175 -0.000124719
13.431 -9.84291e-05
13.687 -7.76526e-05
13.943 -6.12401e-05
14.199 -4.82802e-05
14.455 -3.80506e-05
14.711 -2.9979e-05
14.967 -2.36124e-05
15.223 -1.85925e-05
15.479 -1.46356e-05
15.735 -1.15177e-05
15.991 -9.0616e-06
