0 0.5
0.001 0.499898
0.003 0.499685
0.005 0.499458
0.007 0.49922
0.009 0.498971
0.011 0.498711
0.013 0.498441
0.015 0.498163
0.017 0.497876
0.019 0.497582
0.021 0.49728
0.023 0.496972
0.025 0.496658
0.027 0.496338
0.029 0.496013
0.031 0.495683
0.033 0.495349
0.035 0.495011
0.037 0.494669
0.039 0.494325
0.041 0.493977
0.043 0.493627
0.045 0.493274
0.047 0.49292
0.049 0.492563
0.051 0.492206
0.053 0.491847
0.055 0.491486
0.057 0.491126
0.059 0.490764
0.061 0.490402
0.063 0.49004
0.065 0.489677
0.067 0.489315
0.069 0.488953
0.071 0.488591
0.073 0.48823
0.075 0.487869
0.077 0.487509
0.079 0.48715
0.081 0.486792
0.083 0.486435
0.085 0.486079
0.089 0.485372
0.093 0.48467
0.097 0.483974
0.101 0.483286
0.105 0.482605
0.109 0.481932
0.113 0.481267
0.117 0.480611
0.121 0.479965
0.125 0.479327
0.129 0.4787
0.133 0.478082
0.137 0.477475
0.141 0.476878
0.145 0.476291
0.149 0.475715
0.153 0.475149
0.157 0.474595
0.161 0.474051
0.165 0.473518
0.169 0.472996
0.173 0.472485
0.177 0.471985
0.181 0.471495
0.185 0.471016
0.189 0.470548
0.193 0.47009
0.197 0.469643
0.201 0.469206
0.205 0.468779
0.209 0.468362
0.213 0.467954
0.217 0.467556
0.221 0.467167
0.225 0.466787
0.229 0.466416
0.233 0.466053
0.237 0.465698
0.241 0.465351
0.245 0.465012
0.249 0.464679
0.253 0.464354
0.257 0.464035
0.261 0.463722
0.265 0.463414
0.269 0.463113
0.273 0.462816
0.277 0.462523
0.281 0.462235
0.285 0.461951
0.289 0.46167
0.293 0.461391
0.297 0.461116
0.301 0.460842
0.305 0.46057
0.309 0.4603
0.313 0.46003
0.317 0.459761
0.321 0.459491
0.325 0.459221
0.329 0.458951
0.333 0.458679
0.337 0.458405
0.341 0.458129
0.345 0.45785
0.349 0.457569
0.353 0.457284
0.357 0.456995
0.361 0.456703
0.365 0.456405
0.369 0.456103
0.373 0.455795
0.377 0.455482
0.381 0.455163
0.385 0.454837
0.389 0.454505
0.393 0.454165
0.397 0.453818
0.401 0.453464
0.405 0.453101
0.409 0.45273
0.413 0.452351
0.417 0.451962
0.421 0.451564
0.425 0.451157
0.429 0.45074
0.433 0.450314
0.437 0.449877
0.441 0.449429
0.445 0.448971
0.449 0.448502
0.453 0.448022
0.457 0.447531
0.461 0.447029
0.465 0.446515
0.469 0.445989
0.473 0.445452
0.477 0.444902
0.481 0.444341
0.485 0.443767
0.489 0.443181
0.493 0.442582
0.497 0.441971
0.505 0.440711
0.513 0.439401
0.521 0.438039
0.529 0.436626
0.537 0.435162
0.545 0.433646
0.553 0.432079
0.561 0.430461
0.569 0.428792
0.577 0.427074
0.585 0.425306
0.593 0.423489
0.601 0.421625
0.609 0.419713
0.617 0.417756
0.625 0.415753
0.633 0.413706
0.641 0.411617
0.649 0.409485
0.657 0.407314
0.665 0.405103
0.673 0.402854
0.681 0.400569
0.689 0.398249
0.697 0.395895
0.705 0.393509
0.713 0.391091
0.721 0.388645
0.729 0.38617
0.737 0.383669
0.745 0.381143
0.753 0.378593
0.761 0.37602
0.769 0.373427
0.777 0.370815
0.785 0.368185
0.793 0.365538
0.801 0.362876
0.809 0.3602
0.817 0.357511
0.825 0.354811
0.833 0.352101
0.841 0.349383
0.849 0.346657
0.857 0.343925
0.865 0.341187
0.873 0.338446
0.881 0.335701
0.889 0.332955
0.897 0.330208
0.905 0.327462
0.913 0.324716
0.921 0.321973
0.929 0.319233
0.937 0.316497
0.945 0.313766
0.953 0.31104
0.961 0.308321
0.969 0.30561
0.977 0.302906
0.985 0.300211
1.001 0.29485
1.017 0.289531
1.025 0.28689
1.033 0.28426
1.041 0.281644
1.049 0.27904
1.057 0.276451
1.065 0.273876
1.073 0.271316
1.081 0.26877
1.089 0.26624
1.097 0.263726
1.105 0.261228
1.113 0.258746
1.121 0.256282
1.129 0.253834
1.137 0.251403
1.145 0.248989
1.153 0.246593
1.161 0.244215
1.169 0.241855
1.177 0.239514
1.185 0.23719
1.193 0.234885
1.201 0.232598
1.209 0.23033
1.217 0.228081
1.225 0.22585
1.233 0.223639
1.241 0.221446
1.249 0.219272
1.257 0.217117
1.265 0.214981
1.273 0.212864
1.281 0.210766
1.289 0.208687
1.297 0.206627
1.313 0.202564
1.329 0.198575
1.345 0.194662
1.361 0.190824
1.377 0.187059
1.393 0.183367
1.409 0.179747
1.425 0.176199
1.441 0.172722
1.457 0.169314
1.473 0.165975
1.489 0.162704
1.505 0.159499
1.521 0.15636
1.537 0.153285
1.553 0.150274
1.569 0.147325
1.585 0.144437
1.601 0.141609
1.617 0.13884
1.633 0.136129
1.649 0.133474
1.665 0.130875
1.681 0.128331
1.697 0.125839
1.713 0.1234
1.729 0.121012
1.745 0.118675
1.761 0.116386
1.777 0.114145
1.793 0.111951
1.809 0.109803
1.825 0.107699
1.841 0.10564
1.857 0.103624
1.873 0.10165
1.889 0.0997169
1.905 0.097824
1.921 0.0959705
1.937 0.0941555
1.953 0.092378
1.969 0.0906373
1.985 0.0889326
2.001 0.087263
2.017 0.0856277
2.033 0.084026
2.049 0.0824572
2.065 0.0809204
2.081 0.0794151
2.097 0.0779404
2.129 0.0750804
2.161 0.0723351
2.193 0.0696994
2.225 0.0671686
2.257 0.064738
2.289 0.0624033
2.321 0.0601603
2.353 0.058005
2.385 0.0559335
2.417 0.0539424
2.449 0.0520282
2.481 0.0501875
2.513 0.0484172
2.545 0.0467145
2.577 0.0450763
2.609 0.0435
2.641 0.0419831
2.673 0.0405231
2.705 0.0391175
2.737 0.0377642
2.769 0.0364611
2.801 0.035206
2.833 0.0339971
2.865 0.0328324
2.897 0.0317103
2.929 0.0306289
2.961 0.0295868
2.993 0.0285822
3.057 0.0266802
3.121 0.0249116
3.185 0.0232665
3.249 0.0217355
3.313 0.02031
3.377 0.0189823
3.441 0.0177451
3.505 0.0165919
3.569 0.0155165
3.633 0.0145134
3.697 0.0135775
3.761 0.0127039
3.825 0.0118883
3.889 0.0111267
3.953 0.0104152
4.017 0.00975043
4.081 0.00912917
4.145 0.00854844
4.209 0.00800548
4.273 0.00749775
4.337 0.00702287
4.401 0.00657863
4.465 0.006163
4.529 0.00577408
4.593 0.00541008
4.657 0.00506938
4.721 0.00475044
4.785 0.00445183
4.849 0.00417222
4.913 0.00391039
4.977 0.00366517
5.041 0.00343548
5.105 0.00322034
5.169 0.00301879
5.297 0.00265304
5.425 0.00233193
5.553 0.00204993
5.681 0.00180223
5.809 0.0015846
5.937 0.00139337
6.065 0.00122531
6.193 0.00107758
6.321 0.000947722
6.449 0.000833552
6.577 0.000733168
6.705 0.000644899
6.833 0.000567275
6.961 0.00049901
7.089 0.000438971
7.217 0.000386165
7.345 0.000339718
7.473 0.000298863
7.601 0.000262925
7.729 0.000231312
7.857 0.000203503
7.985 0.000179038
8.113 0.000157517
8.241 0.000138583
8.497 0.000107273
8.753 8.30393e-05
9.009 6.42811e-05
9.265 4.97609e-05
9.521 3.85211e-05
9.777 2.98203e-05
