0 -3.34546
0.001 -3.34319
0.003 -3.33859
0.005 -3.33385
0.007 -3.32887
0.009 -3.32359
0.011 -3.31794
0.013 -3.31185
0.015 -3.30528
0.017 -3.29815
0.019 -3.29044
0.021 -3.2821
0.023 -3.2731
0.025 -3.26339
0.027 -3.25296
0.029 -3.24179
0.031 -3.22984
0.033 -3.21711
0.035 -3.20358
0.037 -3.18925
0.039 -3.1741
0.041 -3.15813
0.043 -3.14134
0.045 -3.12374
0.047 -3.10532
0.049 -3.08609
0.051 -3.06605
0.053 -3.04523
0.055 -3.02362
0.057 -3.00124
0.059 -2.9781
0.061 -2.95423
0.063 -2.92963
0.065 -2.90433
0.067 -2.87833
0.069 -2.85168
0.071 -2.82437
0.073 -2.79644
0.075 -2.76791
0.077 -2.7388
0.079 -2.70913
0.081 -2.67893
0.083 -2.64822
0.085 -2.61702
0.089 -2.55327
0.093 -2.48789
0.097 -2.42107
0.101 -2.35301
0.105 -2.28392
0.109 -2.21399
0.113 -2.14343
0.117 -2.07241
0.121 -2.00114
0.125 -1.92978
0.129 -1.85852
0.133 -1.78752
0.137 -1.71695
0.141 -1.64695
0.145 -1.57768
0.149 -1.50927
0.153 -1.44186
0.157 -1.37556
0.161 -1.3105
0.165 -1.24679
0.169 -1.18451
0.173 -1.12378
0.177 -1.06466
0.181 -1.00724
0.185 -0.951593
0.189 -0.897778
0.193 -0.845855
0.197 -0.795873
0.201 -0.747877
0.205 -0.701904
0.209 -0.657987
0.213 -0.616152
0.217 -0.57642
0.221 -0.538807
0.225 -0.503323
0.229 -0.469975
0.233 -0.438764
0.237 -0.409687
0.241 -0.382738
0.245 -0.357905
0.249 -0.335174
0.253 -0.314528
0.257 -0.295946
0.261 -0.279403
0.265 -0.264873
0.269 -0.252326
0.273 -0.241732
0.277 -0.233055
0.281 -0.22626
0.285 -0.221309
0.289 -0.218163
0.293 -0.21678
0.297 -0.217118
0.301 -0.219133
0.305 -0.222781
0.309 -0.228016
0.313 -0.234791
0.317 -0.243059
0.321 -0.252773
0.325 -0.263884
0.329 -0.276343
0.333 -0.290103
0.337 -0.305114
0.341 -0.321328
0.345 -0.338695
0.349 -0.357167
0.353 -0.376696
0.357 -0.397233
0.361 -0.418731
0.365 -0.441142
0.369 -0.464419
0.373 -0.488517
0.377 -0.513389
0.381 -0.53899
0.385 -0.565277
0.389 -0.592205
0.393 -0.619731
0.397 -0.647814
0.401 -0.676411
0.405 -0.705484
0.409 -0.734991
0.413 -0.764895
0.417 -0.795157
0.421 -0.825741
0.425 -0.856611
0.429 -0.887731
0.433 -0.919069
0.437 -0.95059
0.441 -0.982262
0.445 -1.01405
0.449 -1.04594
0.453 -1.07788
0.457 -1.10986
0.461 -1.14184
0.465 -1.17379
0.469 -1.2057
0.473 -1.23754
0.477 -1.26929
0.481 -1.30091
0.485 -1.3324
0.489 -1.36372
0.493 -1.39486
0.497 -1.4258
0.505 -1.487
0.513 -1.54718
0.521 -1.60622
0.529 -1.664
0.537 -1.72042
0.545 -1.77538
0.553 -1.82882
0.561 -1.88065
0.569 -1.93081
0.577 -1.97926
0.585 -2.02595
0.593 -2.07084
0.601 -2.1139
0.609 -2.15512
0.617 -2.19448
0.625 -2.23197
0.633 -2.26759
0.641 -2.30134
0.649 -2.33324
0.657 -2.36328
0.665 -2.39149
0.673 -2.41789
0.681 -2.4425
0.689 -2.46534
0.697 -2.48645
0.705 -2.50586
0.713 -2.52361
0.721 -2.53971
0.729 -2.55423
0.737 -2.56719
0.745 -2.57863
0.753 -2.58859
0.761 -2.59712
0.769 -2.60426
0.777 -2.61005
0.785 -2.61453
0.793 -2.61776
0.801 -2.61976
0.809 -2.62059
0.817 -2.62028
0.825 -2.61888
0.833 -2.61644
0.841 -2.61299
0.849 -2.60857
0.857 -2.60323
0.865 -2.59701
0.873 -2.58994
0.881 -2.58207
0.889 -2.57342
0.897 -2.56405
0.905 -2.55398
0.913 -2.54324
0.921 -2.53188
0.929 -2.51993
0.937 -2.50742
0.945 -2.49437
0.953 -2.48083
0.961 -2.46682
0.969 -2.45236
0.977 -2.43749
0.985 -2.42224
1.001 -2.39067
1.017 -2.35786
1.025 -2.34104
1.033 -2.32398
1.041 -2.30669
1.049 -2.2892
1.057 -2.27152
1.065 -2.25368
1.073 -2.23568
1.081 -2.21756
1.089 -2.19931
1.097 -2.18097
1.105 -2.16253
1.113 -2.14403
1.121 -2.12546
1.129 -2.10685
1.137 -2.0882
1.145 -2.06953
1.153 -2.05085
1.161 -2.03217
1.169 -2.01349
1.177 -1.99484
1.185 -1.97621
1.193 -1.95761
1.201 -1.93906
1.209 -1.92056
1.217 -1.90212
1.225 -1.88374
1.233 -1.86543
1.241 -1.8472
1.249 -1.82905
1.257 -1.81099
1.265 -1.79303
1.273 -1.77516
1.281 -1.75739
1.289 -1.73973
1.297 -1.72218
1.313 -1.68742
1.329 -1.65315
1.345 -1.61937
1.361 -1.5861
1.377 -1.55337
1.393 -1.52118
1.409 -1.48955
1.425 -1.45848
1.441 -1.42797
1.457 -1.39803
1.473 -1.36866
1.489 -1.33987
1.505 -1.31164
1.521 -1.28398
1.537 -1.25688
1.553 -1.23034
1.569 -1.20435
1.585 -1.17891
1.601 -1.15401
1.617 -1.12964
1.633 -1.1058
1.649 -1.08248
1.665 -1.05967
1.681 -1.03736
1.697 -1.01554
1.713 -0.994205
1.729 -0.973344
1.745 -0.952948
1.761 -0.933009
1.777 -0.913517
1.793 -0.894462
1.809 -0.875836
1.825 -0.857629
1.841 -0.839833
1.857 -0.822438
1.873 -0.805435
1.889 -0.788816
1.905 -0.772573
1.921 -0.756695
1.937 -0.741176
1.953 -0.726006
1.969 -0.711179
1.985 -0.696684
2.001 -0.682516
2.017 -0.668666
2.033 -0.655126
2.049 -0.64189
2.065 -0.628949
2.081 -0.616298
2.097 -0.603929
2.129 -0.580009
2.161 -0.557138
2.193 -0.535266
2.225 -0.514346
2.257 -0.494332
2.289 -0.475182
2.321 -0.456854
2.353 -0.439309
2.385 -0.42251
2.417 -0.406423
2.449 -0.391013
2.481 -0.376249
2.513 -0.362102
2.545 -0.348542
2.577 -0.335542
2.609 -0.323076
2.641 -0.31112
2.673 -0.299651
2.705 -0.288647
2.737 -0.278086
2.769 -0.267948
2.801 -0.258215
2.833 -0.248869
2.865 -0.239893
2.897 -0.23127
2.929 -0.222984
2.961 -0.215021
2.993 -0.207368
3.057 -0.192935
3.121 -0.179587
3.185 -0.167232
3.249 -0.155791
3.313 -0.145187
3.377 -0.135355
3.441 -0.126232
3.505 -0.117762
3.569 -0.109895
3.633 -0.102584
3.697 -0.0957857
3.761 -0.0894616
3.825 -0.083576
3.889 -0.078096
3.953 -0.0729917
4.017 -0.0682354
4.081 -0.0638017
4.145 -0.0596673
4.209 -0.0558107
4.273 -0.0522122
4.337 -0.0488534
4.401 -0.0457175
4.465 -0.0427888
4.529 -0.0400531
4.593 -0.0374969
4.657 -0.035108
4.721 -0.032875
4.785 -0.0307871
4.849 -0.0288347
4.913 -0.0270085
4.977 -0.0253003
5.041 -0.0237019
5.105 -0.0222063
5.169 -0.0208065
5.297 -0.0182698
5.425 -0.0160462
5.553 -0.0140961
5.681 -0.0123854
5.809 -0.0108841
5.937 -0.00956613
6.065 -0.00840885
6.193 -0.0073924
6.321 -0.00649947
6.449 -0.00571489
6.577 -0.00502542
6.705 -0.00441942
6.833 -0.00388673
6.961 -0.00341843
7.089 -0.00300669
7.217 -0.00264466
7.345 -0.0023263
7.473 -0.00204633
7.601 -0.0018001
7.729 -0.00158354
7.857 -0.00139306
7.985 -0.00122552
8.113 -0.00107815
8.241 -0.000948507
8.497 -0.000734157
8.753 -0.00056827
9.009 -0.000439879
9.265 -0.000340505
9.521 -0.000263585
9.777 -0.000204044
