0 0.5
0.001 0.499988
0.003 0.49995
0.005 0.499895
0.007 0.499823
0.009 0.499734
0.011 0.49963
0.013 0.499509
0.015 0.499373
0.017 0.499222
0.019 0.499056
0.021 0.498875
0.023 0.498681
0.025 0.498473
0.027 0.498252
0.029 0.498017
0.031 0.49777
0.033 0.497511
0.035 0.497239
0.037 0.496956
0.039 0.496662
0.041 0.496356
0.043 0.49604
0.045 0.495713
0.047 0.495376
0.049 0.49503
0.051 0.494673
0.053 0.494308
0.055 0.493934
0.057 0.493551
0.059 0.49316
0.061 0.492761
0.063 0.492355
0.065 0.491941
0.067 0.49152
0.069 0.491092
0.071 0.490657
0.073 0.490217
0.075 0.48977
0.077 0.489318
0.079 0.48886
0.081 0.488398
0.083 0.48793
0.085 0.487458
0.089 0.486501
0.093 0.485529
0.097 0.484544
0.101 0.483547
0.105 0.482542
0.109 0.481529
0.113 0.48051
0.117 0.479488
0.121 0.478463
0.125 0.477438
0.129 0.476414
0.133 0.475393
0.137 0.474376
0.141 0.473363
0.145 0.472358
0.149 0.47136
0.153 0.470371
0.157 0.469392
0.161 0.468424
0.165 0.467468
0.169 0.466525
0.173 0.465596
0.177 0.464681
0.181 0.46378
0.185 0.462896
0.189 0.462028
0.193 0.461176
0.197 0.460342
0.201 0.459525
0.205 0.458725
0.209 0.457944
0.213 0.457181
0.217 0.456436
0.221 0.45571
0.225 0.455002
0.229 0.454312
0.233 0.453641
0.237 0.452989
0.241 0.452354
0.245 0.451738
0.249 0.451139
0.253 0.450558
0.257 0.449994
0.261 0.449447
0.265 0.448917
0.269 0.448403
0.273 0.447905
0.277 0.447422
0.281 0.446954
0.285 0.4465
0.289 0.446061
0.293 0.445635
0.297 0.445221
0.301 0.444821
0.305 0.444432
0.309 0.444054
0.313 0.443687
0.317 0.44333
0.321 0.442983
0.325 0.442644
0.329 0.442314
0.333 0.441992
0.337 0.441676
0.341 0.441367
0.345 0.441064
0.349 0.440766
0.353 0.440473
0.357 0.440184
0.361 0.439898
0.365 0.439615
0.369 0.439334
0.373 0.439054
0.377 0.438776
0.381 0.438498
0.385 0.438221
0.389 0.437942
0.393 0.437662
0.397 0.437381
0.401 0.437097
0.405 0.43681
0.409 0.43652
0.413 0.436227
0.417 0.435928
0.421 0.435626
0.425 0.435318
0.429 0.435004
0.433 0.434684
0.437 0.434358
0.441 0.434025
0.445 0.433684
0.449 0.433336
0.453 0.43298
0.457 0.432615
0.461 0.432241
0.465 0.431859
0.469 0.431467
0.473 0.431065
0.477 0.430654
0.481 0.430232
0.485 0.4298
0.489 0.429356
0.493 0.428902
0.497 0.428437
0.505 0.427473
0.513 0.426461
0.521 0.425401
0.529 0.424292
0.537 0.423133
0.545 0.421922
0.553 0.420661
0.561 0.419347
0.569 0.417982
0.577 0.416565
0.585 0.415096
0.593 0.413575
0.601 0.412003
0.609 0.41038
0.617 0.408707
0.625 0.406985
0.633 0.405214
0.641 0.403396
0.649 0.401531
0.657 0.39962
0.665 0.397665
0.673 0.395666
0.681 0.393625
0.689 0.391543
0.697 0.389422
0.705 0.387263
0.713 0.385068
0.721 0.382836
0.729 0.380572
0.737 0.378274
0.745 0.375946
0.753 0.373589
0.761 0.371204
0.769 0.368792
0.777 0.366355
0.785 0.363895
0.793 0.361413
0.801 0.358911
0.809 0.356389
0.817 0.35385
0.825 0.351294
0.833 0.348724
0.841 0.34614
0.849 0.343544
0.857 0.340937
0.865 0.338321
0.873 0.335696
0.881 0.333064
0.889 0.330427
0.897 0.327784
0.905 0.325138
0.913 0.322489
0.921 0.319839
0.929 0.317189
0.937 0.314539
0.945 0.311891
0.953 0.309245
0.961 0.306603
0.969 0.303964
0.977 0.301331
0.985 0.298704
1.001 0.293471
1.017 0.28827
1.025 0.285683
1.033 0.283107
1.041 0.280541
1.049 0.277986
1.057 0.275444
1.065 0.272913
1.073 0.270395
1.081 0.267891
1.089 0.2654
1.097 0.262924
1.105 0.260462
1.113 0.258015
1.121 0.255583
1.129 0.253166
1.137 0.250766
1.145 0.248381
1.153 0.246013
1.161 0.243661
1.169 0.241327
1.177 0.239009
1.185 0.236708
1.193 0.234425
1.201 0.23216
1.209 0.229912
1.217 0.227682
1.225 0.22547
1.233 0.223276
1.241 0.2211
1.249 0.218942
1.257 0.216802
1.265 0.214681
1.273 0.212578
1.281 0.210493
1.289 0.208427
1.297 0.206379
1.313 0.202338
1.329 0.198371
1.345 0.194477
1.361 0.190655
1.377 0.186906
1.393 0.183228
1.409 0.179621
1.425 0.176085
1.441 0.172618
1.457 0.16922
1.473 0.16589
1.489 0.162626
1.505 0.159429
1.521 0.156296
1.537 0.153228
1.553 0.150222
1.569 0.147278
1.585 0.144394
1.601 0.14157
1.617 0.138805
1.633 0.136097
1.649 0.133446
1.665 0.130849
1.681 0.128307
1.697 0.125818
1.713 0.123381
1.729 0.120995
1.745 0.118659
1.761 0.116371
1.777 0.114132
1.793 0.111939
1.809 0.109792
1.825 0.10769
1.841 0.105632
1.857 0.103616
1.873 0.101643
1.889 0.0997104
1.905 0.0978182
1.921 0.0959653
1.937 0.0941507
1.953 0.0923737
1.969 0.0906335
1.985 0.0889291
2.001 0.0872598
2.017 0.0856248
2.033 0.0840234
2.049 0.0824548
2.065 0.0809183
2.081 0.0794132
2.097 0.0779387
2.129 0.075079
2.161 0.0723339
2.193 0.0696985
2.225 0.0671678
2.257 0.0647374
2.289 0.0624028
2.321 0.0601599
2.353 0.0580046
2.385 0.0559333
2.417 0.0539422
2.449 0.052028
2.481 0.0501873
2.513 0.0484171
2.545 0.0467143
2.577 0.0450762
2.609 0.0435
2.641 0.0419831
2.673 0.040523
2.705 0.0391175
2.737 0.0377642
2.769 0.036461
2.801 0.035206
2.833 0.0339971
2.865 0.0328324
2.897 0.0317103
2.929 0.0306289
2.961 0.0295868
2.993 0.0285822
3.057 0.0266802
3.121 0.0249116
3.185 0.0232665
3.249 0.0217355
3.313 0.02031
3.377 0.0189823
3.441 0.0177451
3.505 0.0165919
3.569 0.0155165
3.633 0.0145134
3.697 0.0135775
3.761 0.0127039
3.825 0.0118883
3.889 0.0111267
3.953 0.0104152
4.017 0.00975043
4.081 0.00912917
4.145 0.00854844
4.209 0.00800548
4.273 0.00749775
4.337 0.00702287
4.401 0.00657863
4.465 0.006163
4.529 0.00577408
4.593 0.00541008
4.657 0.00506938
4.721 0.00475044
4.785 0.00445183
4.849 0.00417222
4.913 0.00391039
4.977 0.00366517
5.041 0.00343548
5.105 0.00322034
5.169 0.00301879
5.297 0.00265304
5.425 0.00233193
5.553 0.00204993
5.681 0.00180223
5.809 0.0015846
5.937 0.00139337
6.065 0.00122531
6.193 0.00107758
6.321 0.000947722
6.449 0.000833552
6.577 0.000733168
6.705 0.000644899
6.833 0.000567275
6.961 0.00049901
7.089 0.000438971
7.217 0.000386165
7.345 0.000339718
7.473 0.000298863
7.601 0.000262925
7.729 0.000231312
7.857 0.000203503
7.985 0.000179038
8.113 0.000157517
8.241 0.000138583
8.497 0.000107273
8.753 8.30393e-05
9.009 6.42811e-05
9.265 4.97609e-05
9.521 3.85211e-05
9.777 2.98203e-05
