0 0.01
0.001 0.00416444
0.003 -0.00722982
0.007 -0.0289436
0.011 -0.0492843
0.015 -0.0683211
0.019 -0.0861198
0.023 -0.102743
0.027 -0.118251
0.031 -0.132699
0.035 -0.146143
0.039 -0.158634
0.043 -0.170221
0.047 -0.180952
0.051 -0.19087
0.055 -0.200018
0.059 -0.208437
0.063 -0.216166
0.067 -0.22324
0.071 -0.229696
0.075 -0.235566
0.079 -0.240882
0.083 -0.245675
0.087 -0.249973
0.091 -0.253804
0.095 -0.257193
0.099 -0.260166
0.103 -0.262747
0.107 -0.264957
0.111 -0.266818
0.115 -0.26835
0.119 -0.269573
0.123 -0.270506
0.127 -0.271165
0.131 -0.271567
0.135 -0.271728
0.139 -0.271664
0.143 -0.271388
0.147 -0.270914
0.151 -0.270255
0.155 -0.269423
0.159 -0.26843
0.163 -0.267287
0.167 -0.266003
0.171 -0.26459
0.175 -0.263056
0.179 -0.261411
0.183 -0.259662
0.187 -0.257818
0.191 -0.255887
0.195 -0.253875
0.199 -0.25179
0.203 -0.249637
0.207 -0.247423
0.211 -0.245154
0.215 -0.242835
0.219 -0.24047
0.223 -0.238066
0.227 -0.235626
0.231 -0.233155
0.235 -0.230657
0.239 -0.228136
0.243 -0.225595
0.247 -0.223037
0.251 -0.220466
0.255 -0.217885
0.259 -0.215297
0.263 -0.212704
0.267 -0.210109
0.271 -0.207513
0.275 -0.20492
0.279 -0.202331
0.283 -0.199749
0.287 -0.197174
0.291 -0.194608
0.295 -0.192054
0.303 -0.186983
0.311 -0.181972
0.319 -0.17703
0.327 -0.172163
0.335 -0.167378
0.343 -0.16268
0.351 -0.158074
0.359 -0.153561
0.367 -0.149145
0.375 -0.144829
0.383 -0.140612
0.391 -0.136496
0.399 -0.132481
0.407 -0.128568
0.415 -0.124755
0.423 -0.121043
0.431 -0.11743
0.439 -0.113914
0.447 -0.110495
0.455 -0.107171
0.463 -0.103941
0.471 -0.100802
0.479 -0.0977526
0.487 -0.0947911
0.495 -0.0919153
0.503 -0.0891232
0.511 -0.0864128
0.519 -0.0837818
0.527 -0.0812284
0.535 -0.0787503
0.543 -0.0763454
0.559 -0.0717473
0.575 -0.0674179
0.591 -0.0633412
0.607 -0.0595023
0.623 -0.0558867
0.639 -0.0524804
0.655 -0.0492705
0.671 -0.0462446
0.687 -0.0433911
0.703 -0.0406992
0.719 -0.0381585
0.735 -0.0357595
0.751 -0.0334934
0.767 -0.0313518
0.783 -0.0293268
0.799 -0.0274114
0.815 -0.0255987
0.831 -0.0238825
0.847 -0.022257
0.863 -0.0207168
0.879 -0.0192567
0.895 -0.0178722
0.911 -0.0165588
0.927 -0.0153125
0.943 -0.0141295
0.959 -0.0130062
0.975 -0.0119394
0.991 -0.010926
1.007 -0.00996318
1.023 -0.00904816
1.039 -0.00817849
1.055 -0.00735181
1.071 -0.00656593
1.087 -0.0058188
1.103 -0.00510847
1.119 -0.00443314
1.135 -0.0037911
1.151 -0.00318075
1.167 -0.00260057
1.183 -0.00204914
1.215 -0.00102725
1.247 -0.000105179
1.279 0.000725902
1.311 0.00147393
1.343 0.00214606
1.375 0.00274875
1.407 0.00328786
1.439 0.0037687
1.471 0.00419613
1.503 0.00457457
1.535 0.00490806
1.567 0.00520032
1.599 0.00545476
1.631 0.0056745
1.663 0.00586244
1.695 0.00602121
1.727 0.00615329
1.759 0.00626092
1.791 0.0063462
1.823 0.00641106
1.855 0.00645727
1.887 0.00648649
1.919 0.00650025
1.951 0.00649996
1.983 0.00648692
2.015 0.00646234
2.047 0.00642734
2.079 0.00638295
2.111 0.00633012
2.143 0.00626974
2.175 0.00620262
2.207 0.00612952
2.239 0.00605112
2.303 0.00588097
2.367 0.00569672
2.431 0.0055022
2.495 0.00530068
2.559 0.00509487
2.623 0.00488707
2.687 0.00467918
2.751 0.00447275
2.815 0.00426908
2.879 0.00406919
2.943 0.00387391
3.007 0.0036839
3.071 0.00349965
3.135 0.00332152
3.199 0.00314977
3.263 0.00298457
3.327 0.002826
3.391 0.00267408
3.455 0.00252879
3.519 0.00239004
3.583 0.00225773
3.647 0.00213172
3.711 0.00201185
3.775 0.00189793
3.839 0.00178978
3.903 0.00168719
3.967 0.00158995
4.031 0.00149786
4.095 0.0014107
4.159 0.00132826
4.223 0.00125033
4.287 0.0011767
4.351 0.00110717
4.415 0.00104154
4.479 0.000979611
4.543 0.000921208
4.607 0.000866146
4.671 0.000814252
4.735 0.000765358
4.799 0.000719305
4.863 0.00067594
4.927 0.000635115
4.991 0.000596692
5.055 0.000560536
5.183 0.000494527
5.311 0.000436147
5.439 0.000384548
5.567 0.000338966
5.695 0.000298721
5.823 0.000263203
5.951 0.000231868
6.079 0.000204233
6.207 0.000179868
6.335 0.000158391
6.463 0.000139464
6.591 0.000122788
6.719 0.000108098
6.847 9.51582e-05
6.975 8.37625e-05
7.103 7.37275e-05
7.231 6.48917e-05
7.359 5.71124e-05
7.487 5.02639e-05
7.615 4.42352e-05
7.743 3.89285e-05
7.871 3.42576e-05
7.999 3.01465e-05
8.127 2.65282e-05
8.255 2.33438e-05
8.383 2.05413e-05
8.511 1.80751e-05
8.639 1.59048e-05
8.895 1.23144e-05
9.151 9.53422e-06
9.407 7.38154e-06
9.663 5.71479e-06
9.919 4.42433e-06
10.175 3.42523e-06
