0 0.01
0.001 0.00766199
0.003 0.0030483
0.007 -0.00593541
0.011 -0.0146048
0.015 -0.0229721
0.019 -0.0310489
0.023 -0.0388466
0.027 -0.0463757
0.031 -0.0536466
0.035 -0.0606692
0.039 -0.0674528
0.043 -0.0740066
0.047 -0.0803392
0.051 -0.0864589
0.055 -0.0923738
0.059 -0.0980914
0.063 -0.103619
0.067 -0.108964
0.071 -0.114133
0.075 -0.119132
0.079 -0.123968
0.083 -0.128646
0.087 -0.133173
0.091 -0.137553
0.095 -0.141793
0.099 -0.145896
0.103 -0.149869
0.107 -0.153715
0.111 -0.157439
0.115 -0.161046
0.119 -0.164539
0.123 -0.167923
0.127 -0.171201
0.131 -0.174377
0.135 -0.177454
0.139 -0.180436
0.143 -0.183327
0.147 -0.186128
0.151 -0.188844
0.155 -0.191477
0.159 -0.194029
0.163 -0.196504
0.167 -0.198904
0.171 -0.201231
0.175 -0.203488
0.179 -0.205678
0.183 -0.207801
0.187 -0.209861
0.191 -0.211859
0.195 -0.213797
0.199 -0.215678
0.203 -0.217502
0.207 -0.219272
0.211 -0.22099
0.215 -0.222656
0.219 -0.224273
0.223 -0.225841
0.227 -0.227363
0.231 -0.22884
0.235 -0.230272
0.239 -0.231662
0.243 -0.23301
0.247 -0.234318
0.251 -0.235587
0.255 -0.236818
0.259 -0.238012
0.263 -0.239169
0.267 -0.240292
0.271 -0.24138
0.275 -0.242436
0.279 -0.243458
0.283 -0.24445
0.287 -0.245411
0.291 -0.246341
0.295 -0.247243
0.303 -0.248962
0.311 -0.250573
0.319 -0.252082
0.327 -0.253492
0.335 -0.254809
0.343 -0.256037
0.351 -0.25718
0.359 -0.258242
0.367 -0.259225
0.375 -0.260134
0.383 -0.260972
0.391 -0.261741
0.399 -0.262445
0.407 -0.263085
0.415 -0.263664
0.423 -0.264185
0.431 -0.26465
0.439 -0.26506
0.447 -0.265419
0.455 -0.265727
0.463 -0.265986
0.471 -0.266199
0.479 -0.266367
0.487 -0.266491
0.495 -0.266572
0.503 -0.266613
0.511 -0.266614
0.519 -0.266578
0.527 -0.266504
0.535 -0.266395
0.543 -0.266251
0.559 -0.265863
0.575 -0.26535
0.591 -0.264719
0.607 -0.263976
0.623 -0.26313
0.639 -0.262185
0.655 -0.261149
0.671 -0.260025
0.687 -0.258821
0.703 -0.25754
0.719 -0.256187
0.735 -0.254767
0.751 -0.253284
0.767 -0.251741
0.783 -0.250144
0.799 -0.248494
0.815 -0.246796
0.831 -0.245054
0.847 -0.243269
0.863 -0.241445
0.879 -0.239585
0.895 -0.237692
0.911 -0.235769
0.927 -0.233816
0.943 -0.231838
0.959 -0.229837
0.975 -0.227813
0.991 -0.225771
1.007 -0.223711
1.023 -0.221635
1.039 -0.219546
1.055 -0.217444
1.071 -0.215332
1.087 -0.213211
1.103 -0.211083
1.119 -0.208949
1.135 -0.20681
1.151 -0.204668
1.167 -0.202524
1.183 -0.20038
1.215 -0.196092
1.247 -0.191813
1.279 -0.187552
1.311 -0.183314
1.343 -0.179106
1.375 -0.174933
1.407 -0.170801
1.439 -0.166713
1.471 -0.162674
1.503 -0.158687
1.535 -0.154755
1.567 -0.150881
1.599 -0.147067
1.631 -0.143315
1.663 -0.139627
1.695 -0.136003
1.727 -0.132446
1.759 -0.128956
1.791 -0.125533
1.823 -0.122179
1.855 -0.118893
1.887 -0.115676
1.919 -0.112527
1.951 -0.109447
1.983 -0.106435
2.015 -0.103492
2.047 -0.100615
2.079 -0.0978056
2.111 -0.0950622
2.143 -0.0923844
2.175 -0.0897714
2.207 -0.0872222
2.239 -0.0847361
2.303 -0.0799494
2.367 -0.0754034
2.431 -0.07109
2.495 -0.0670006
2.559 -0.0631266
2.623 -0.0594591
2.687 -0.0559895
2.751 -0.052709
2.815 -0.049609
2.879 -0.046681
2.943 -0.0439168
3.007 -0.0413084
3.071 -0.038848
3.135 -0.0365281
3.199 -0.0343413
3.263 -0.0322808
3.327 -0.0303398
3.391 -0.0285119
3.455 -0.026791
3.519 -0.0251711
3.583 -0.0236467
3.647 -0.0222125
3.711 -0.0208634
3.775 -0.0195946
3.839 -0.0184015
3.903 -0.0172797
3.967 -0.0162252
4.031 -0.0152341
4.095 -0.0143026
4.159 -0.0134274
4.223 -0.012605
4.287 -0.0118324
4.351 -0.0111066
4.415 -0.0104249
4.479 -0.00978463
4.543 -0.00918333
4.607 -0.00861867
4.671 -0.00808846
4.735 -0.00759062
4.799 -0.00712322
4.863 -0.00668441
4.927 -0.00627247
4.991 -0.00588577
5.055 -0.00552278
5.183 -0.00486228
5.311 -0.00428045
5.439 -0.003768
5.567 -0.0033167
5.695 -0.0029193
5.823 -0.00256941
5.951 -0.00226136
6.079 -0.00199017
6.207 -0.00175145
6.335 -0.00154132
6.463 -0.00135638
6.591 -0.00119359
6.719 -0.00105033
6.847 -0.000924245
6.975 -0.000813285
7.103 -0.000715637
7.231 -0.000629707
7.359 -0.000554089
7.487 -0.000487548
7.615 -0.000428994
7.743 -0.00037747
7.871 -0.000332133
7.999 -0.000292239
8.127 -0.000257136
8.255 -0.000226249
8.383 -0.000199071
8.511 -0.000175157
8.639 -0.000154116
8.895 -0.000119313
9.151 -9.23682e-05
9.407 -7.15083e-05
9.663 -5.53591e-05
9.919 -4.28568e-05
10.175 -3.31779e-05
