0 0.1
0.001 0.100007
0.003 0.100004
0.007 0.0999311
0.011 0.0997742
0.015 0.0995386
0.019 0.0992293
0.023 0.0988512
0.027 0.0984089
0.031 0.0979066
0.035 0.0973486
0.039 0.0967387
0.043 0.0960807
0.047 0.0953781
0.051 0.0946342
0.055 0.0938522
0.059 0.093035
0.063 0.0921856
0.067 0.0913066
0.071 0.0904005
0.075 0.0894698
0.079 0.0885167
0.083 0.0875434
0.087 0.086552
0.091 0.0855443
0.095 0.0845221
0.099 0.0834873
0.103 0.0824413
0.107 0.0813858
0.111 0.0803221
0.115 0.0792517
0.119 0.0781757
0.123 0.0770955
0.127 0.0760121
0.131 0.0749265
0.135 0.0738399
0.139 0.072753
0.143 0.0716668
0.147 0.0705822
0.151 0.0694998
0.155 0.0684203
0.159 0.0673446
0.163 0.0662731
0.167 0.0652065
0.171 0.0641452
0.175 0.0630899
0.179 0.0620409
0.183 0.0609988
0.187 0.0599638
0.191 0.0589363
0.195 0.0579168
0.199 0.0569054
0.203 0.0559026
0.207 0.0549084
0.211 0.0539232
0.215 0.0529473
0.219 0.0519806
0.223 0.0510235
0.227 0.0500761
0.231 0.0491386
0.235 0.0482109
0.239 0.0472933
0.243 0.0463859
0.247 0.0454886
0.251 0.0446016
0.255 0.0437249
0.259 0.0428585
0.263 0.0420025
0.267 0.0411569
0.271 0.0403217
0.275 0.0394968
0.279 0.0386823
0.283 0.0378781
0.287 0.0370843
0.291 0.0363007
0.295 0.0355274
0.303 0.0340113
0.311 0.0325355
0.319 0.0310996
0.327 0.0297028
0.335 0.0283447
0.343 0.0270245
0.351 0.0257416
0.359 0.0244951
0.367 0.0232844
0.375 0.0221085
0.383 0.0209668
0.391 0.0198585
0.399 0.0187826
0.407 0.0177385
0.415 0.0167253
0.423 0.0157421
0.431 0.0147883
0.439 0.013863
0.447 0.0129654
0.455 0.0120948
0.463 0.0112504
0.471 0.0104315
0.479 0.00963738
0.487 0.00886726
0.495 0.00812049
0.503 0.00739639
0.511 0.0066943
0.519 0.00601358
0.527 0.00535359
0.535 0.00471372
0.543 0.00409339
0.559 0.00290902
0.575 0.00179604
0.591 0.000750296
0.607 -0.000232145
0.623 -0.00115497
0.639 -0.00202163
0.655 -0.00283539
0.671 -0.00359927
0.687 -0.00431614
0.703 -0.00498865
0.719 -0.00561932
0.735 -0.00621048
0.751 -0.00676433
0.767 -0.00728293
0.783 -0.00776821
0.799 -0.00822197
0.815 -0.00864592
0.831 -0.00904164
0.847 -0.00941064
0.863 -0.00975432
0.879 -0.010074
0.895 -0.0103709
0.911 -0.0106463
0.927 -0.0109012
0.943 -0.0111366
0.959 -0.0113536
0.975 -0.0115531
0.991 -0.011736
1.007 -0.011903
1.023 -0.0120551
1.039 -0.0121928
1.055 -0.012317
1.071 -0.0124283
1.087 -0.0125273
1.103 -0.0126147
1.119 -0.012691
1.135 -0.0127567
1.151 -0.0128125
1.167 -0.0128587
1.183 -0.0128958
1.215 -0.0129448
1.247 -0.0129626
1.279 -0.0129525
1.311 -0.0129171
1.343 -0.012859
1.375 -0.0127805
1.407 -0.0126837
1.439 -0.0125707
1.471 -0.0124431
1.503 -0.0123026
1.535 -0.0121508
1.567 -0.011989
1.599 -0.0118184
1.631 -0.0116402
1.663 -0.0114555
1.695 -0.0112653
1.727 -0.0110705
1.759 -0.0108718
1.791 -0.01067
1.823 -0.0104658
1.855 -0.0102599
1.887 -0.0100528
1.919 -0.00984493
1.951 -0.00963689
1.983 -0.00942907
2.015 -0.00922186
2.047 -0.00901559
2.079 -0.00881061
2.111 -0.00860718
2.143 -0.00840556
2.175 -0.00820598
2.207 -0.00800865
2.239 -0.00781375
2.303 -0.00743184
2.367 -0.00706129
2.431 -0.00670287
2.495 -0.00635715
2.559 -0.00602448
2.623 -0.00570505
2.687 -0.00539893
2.751 -0.00510608
2.815 -0.00482636
2.879 -0.00455956
2.943 -0.00430541
3.007 -0.00406359
3.071 -0.00383375
3.135 -0.0036155
3.199 -0.00340845
3.263 -0.00321219
3.327 -0.00302629
3.391 -0.00285032
3.455 -0.00268386
3.519 -0.0025265
3.583 -0.0023778
3.647 -0.00223737
3.711 -0.00210481
3.775 -0.00197973
3.839 -0.00186175
3.903 -0.00175052
3.967 -0.00164568
4.031 -0.0015469
4.095 -0.00145385
4.159 -0.00136622
4.223 -0.00128373
4.287 -0.00120609
4.351 -0.00113303
4.415 -0.00106429
4.479 -0.000999632
4.543 -0.000938825
4.607 -0.000881647
4.671 -0.00082789
4.735 -0.000777358
4.799 -0.000729864
4.863 -0.00068523
4.927 -0.000643289
4.991 -0.000603884
5.055 -0.000566864
5.183 -0.000499427
5.311 -0.00043994
5.439 -0.000387484
5.567 -0.00034124
5.695 -0.000300481
5.823 -0.000264566
5.951 -0.000232923
6.079 -0.00020505
6.207 -0.0001805
6.335 -0.00015888
6.463 -0.000139843
6.591 -0.000123082
6.719 -0.000108325
6.847 -9.5334e-05
6.975 -8.38985e-05
7.103 -7.38328e-05
7.231 -6.49732e-05
7.359 -5.71755e-05
7.487 -5.03128e-05
7.615 -4.42731e-05
7.743 -3.89578e-05
7.871 -3.42803e-05
7.999 -3.0164e-05
8.127 -2.65418e-05
8.255 -2.33543e-05
8.383 -2.05495e-05
8.511 -1.80814e-05
8.639 -1.59097e-05
8.895 -1.23173e-05
9.151 -9.53598e-06
9.407 -7.38259e-06
9.663 -5.71542e-06
9.919 -4.42471e-06
10.175 -3.42546e-06
