0 0.5
0.001 0.500009
0.003 0.50002
0.007 0.500014
0.011 0.499972
0.015 0.499897
0.019 0.499789
0.023 0.499649
0.027 0.499479
0.031 0.499279
0.035 0.49905
0.039 0.498793
0.043 0.49851
0.047 0.498202
0.051 0.497868
0.055 0.49751
0.059 0.497129
0.063 0.496726
0.067 0.496301
0.071 0.495854
0.075 0.495388
0.079 0.494902
0.083 0.494396
0.087 0.493873
0.091 0.493331
0.095 0.492772
0.099 0.492197
0.103 0.491605
0.107 0.490998
0.111 0.490376
0.115 0.489739
0.119 0.489088
0.123 0.488423
0.127 0.487744
0.131 0.487053
0.135 0.486349
0.139 0.485634
0.143 0.484906
0.147 0.484167
0.151 0.483417
0.155 0.482657
0.159 0.481885
0.163 0.481104
0.167 0.480314
0.171 0.479513
0.175 0.478704
0.179 0.477885
0.183 0.477058
0.187 0.476223
0.191 0.47538
0.195 0.474528
0.199 0.473669
0.203 0.472803
0.207 0.471929
0.211 0.471049
0.215 0.470162
0.219 0.469268
0.223 0.468367
0.227 0.467461
0.231 0.466549
0.235 0.46563
0.239 0.464706
0.243 0.463777
0.247 0.462842
0.251 0.461903
0.255 0.460958
0.259 0.460008
0.263 0.459054
0.267 0.458095
0.271 0.457131
0.275 0.456164
0.279 0.455192
0.283 0.454216
0.287 0.453236
0.291 0.452253
0.295 0.451266
0.303 0.449281
0.311 0.447283
0.319 0.445272
0.327 0.44325
0.335 0.441216
0.343 0.439173
0.351 0.43712
0.359 0.435058
0.367 0.432988
0.375 0.430911
0.383 0.428826
0.391 0.426735
0.399 0.424639
0.407 0.422537
0.415 0.420429
0.423 0.418318
0.431 0.416203
0.439 0.414084
0.447 0.411962
0.455 0.409837
0.463 0.40771
0.471 0.405582
0.479 0.403451
0.487 0.40132
0.495 0.399188
0.503 0.397055
0.511 0.394922
0.519 0.392789
0.527 0.390657
0.535 0.388525
0.543 0.386394
0.559 0.382137
0.575 0.377888
0.591 0.373647
0.607 0.369417
0.623 0.3652
0.639 0.360997
0.655 0.356811
0.671 0.352641
0.687 0.34849
0.703 0.344359
0.719 0.340249
0.735 0.336162
0.751 0.332097
0.767 0.328057
0.783 0.324042
0.799 0.320053
0.815 0.31609
0.831 0.312155
0.847 0.308249
0.863 0.304371
0.879 0.300523
0.895 0.296704
0.911 0.292917
0.927 0.28916
0.943 0.285435
0.959 0.281741
0.975 0.27808
0.991 0.274451
1.007 0.270855
1.023 0.267293
1.039 0.263763
1.055 0.260267
1.071 0.256805
1.087 0.253377
1.103 0.249982
1.119 0.246622
1.135 0.243296
1.151 0.240004
1.167 0.236747
1.183 0.233523
1.215 0.22718
1.247 0.220973
1.279 0.214904
1.311 0.20897
1.343 0.203171
1.375 0.197507
1.407 0.191975
1.439 0.186575
1.471 0.181305
1.503 0.176163
1.535 0.171148
1.567 0.166258
1.599 0.161491
1.631 0.156845
1.663 0.152318
1.695 0.147909
1.727 0.143614
1.759 0.139431
1.791 0.13536
1.823 0.131396
1.855 0.127539
1.887 0.123787
1.919 0.120136
1.951 0.116584
1.983 0.11313
2.015 0.109772
2.047 0.106506
2.079 0.103331
2.111 0.100246
2.143 0.0972467
2.175 0.0943324
2.207 0.0915007
2.239 0.0887495
2.303 0.0834809
2.367 0.0785109
2.431 0.0738243
2.495 0.0694066
2.559 0.0652436
2.623 0.061322
2.687 0.0576286
2.751 0.0541513
2.815 0.050878
2.879 0.0477976
2.943 0.0448994
3.007 0.042173
3.071 0.0396087
3.135 0.0371974
3.199 0.0349303
3.263 0.032799
3.327 0.0307958
3.391 0.0289131
3.455 0.027144
3.519 0.0254817
3.583 0.0239201
3.647 0.022453
3.711 0.021075
3.775 0.0197808
3.839 0.0185653
3.903 0.0174239
3.967 0.0163521
4.031 0.0153457
4.095 0.0144008
4.159 0.0135138
4.223 0.012681
4.287 0.0118993
4.351 0.0111655
4.415 0.0104767
4.479 0.00983019
4.543 0.00922342
4.607 0.00865394
4.671 0.00811949
4.735 0.00761793
4.799 0.00714724
4.863 0.00670555
4.927 0.00629106
4.991 0.00590213
5.055 0.00553718
5.183 0.00487343
5.311 0.00428908
5.439 0.00377468
5.567 0.00332187
5.695 0.00292331
5.823 0.00257251
5.951 0.00226376
6.079 0.00199203
6.207 0.00175289
6.335 0.00154244
6.463 0.00135724
6.591 0.00119426
6.719 0.00105085
6.847 0.000924645
6.975 0.000813595
7.103 0.000715877
7.231 0.000629892
7.359 0.000554233
7.487 0.000487659
7.615 0.00042908
7.743 0.000377537
7.871 0.000332184
7.999 0.000292279
8.127 0.000257167
8.255 0.000226273
8.383 0.000199089
8.511 0.000175171
8.639 0.000154127
8.895 0.000119319
9.151 9.23722e-05
9.407 7.15107e-05
9.663 5.53605e-05
9.919 4.28576e-05
10.175 3.31784e-05
