0 0.4
0.1 -0.295867
0.2 0.476511
0.3 1.03607
0.4 1.20644
0.5 1.11856
0.6 0.907659
0.7 0.660794
0.8 0.424167
0.9 0.21824
1 0.0492741
1.1 -0.0835513
1.2 -0.18415
1.3 -0.25744
1.4 -0.308327
1.5 -0.341257
1.6 -0.360057
1.7 -0.367929
1.8 -0.367496
1.9 -0.36088
2 -0.349776
2.1 -0.335529
2.2 -0.319194
2.3 -0.301589
2.4 -0.283347
2.5 -0.264946
2.6 -0.246744
2.7 -0.229004
2.8 -0.211912
2.9 -0.195594
3 -0.180132
3.1 -0.165569
3.2 -0.151925
3.3 -0.139197
3.4 -0.127366
3.5 -0.116405
3.6 -0.106277
3.7 -0.0969401
3.8 -0.0883512
3.9 -0.0804643
4 -0.0732335
4.1 -0.0666135
4.2 -0.0605603
4.3 -0.0550312
4.4 -0.0499859
4.5 -0.045386
4.6 -0.0411954
4.7 -0.0373803
4.8 -0.0339092
4.9 -0.0307528
5 -0.027884
5.1 -0.0252777
5.2 -0.0229109
5.3 -0.0207623
5.4 -0.0188124
5.5 -0.0170434
5.6 -0.0154389
5.7 -0.0139839
5.8 -0.0126648
5.9 -0.0114692
6 -0.0103855
6.1 -0.00940362
6.2 -0.00851398
6.3 -0.00770805
6.4 -0.00697805
6.5 -0.00631687
6.6 -0.00571809
6.7 -0.00517587
6.8 -0.0046849
6.9 -0.00424036
7 -0.0038379
7.1 -0.00347354
7.2 -0.00314369
7.3 -0.00284511
7.4 -0.00257484
7.5 -0.0023302
7.6 -0.00210877
7.7 -0.00190835
7.8 -0.00172696
7.9 -0.0015628
8 -0.00141422
8.1 -0.00127976
8.2 -0.00115807
8.3 -0.00104794
8.4 -0.00094828
8.5 -0.000858092
8.6 -0.000776477
8.7 -0.000702621
8.8 -0.000635786
8.9 -0.000575307
9 -0.000520579
9.1 -0.000471055
9.2 -0.000426241
9.3 -0.00038569
9.4 -0.000348995
9.5 -0.000315791
9.6 -0.000285745
9.7 -0.000258558
9.8 -0.000233957
9.9 -0.000211696
10 -0.000191553
10.1 -0.000173326
10.2 -0.000156834
10.3 -0.000141911
10.4 -0.000128407
10.5 -0.000116189
10.6 -0.000105133
10.7 -9.51286e-05
10.8 -8.60765e-05
10.9 -7.78856e-05
11 -7.04742e-05
11.1 -6.3768e-05
11.2 -5.76999e-05
11.3 -5.22092e-05
11.4 -4.7241e-05
11.5 -4.27456e-05
11.6 -3.86779e-05
11.7 -3.49973e-05
11.8 -3.16669e-05
11.9 -2.86535e-05
12 -2.59268e-05
12.1 -2.34596e-05
12.2 -2.12271e-05
12.3 -1.92071e-05
12.4 -1.73794e-05
12.5 -1.57255e-05
12.6 -1.4229e-05
12.7 -1.2875e-05
12.8 -1.16498e-05
12.9 -1.05412e-05
13 -9.53804e-06
13.1 -8.63038e-06
13.2 -7.8091e-06
13.3 -7.06597e-06
13.4 -6.39355e-06
13.5 -5.78513e-06
13.6 -5.2346e-06
13.7 -4.73647e-06
13.8 -4.28573e-06
13.9 -3.87789e-06
14 -3.50886e-06
14.1 -3.17495e-06
14.2 -2.87282e-06
14.3 -2.59943e-06
14.4 -2.35206e-06
14.5 -2.12824e-06
14.6 -1.92571e-06
14.7 -1.74245e-06
14.8 -1.57664e-06
14.9 -1.4266e-06
15 -1.29084e-06
15.1 -1.168e-06
15.2 -1.05685e-06
15.3 -9.56279e-07
15.4 -8.65277e-07
15.5 -7.82935e-07
15.6 -7.08429e-07
15.7 -6.41013e-07
15.8 -5.80012e-07
15.9 -5.24817e-07
16 -4.74874e-07
