0 -0.2
0.1 -1.04484
0.2 -1.1092
0.3 -0.947283
0.4 -0.741918
0.5 -0.550783
0.6 -0.389199
0.7 -0.258331
0.8 -0.154929
0.9 -0.0747131
1 -0.013539
1.1 0.032245
1.2 0.0657252
1.3 0.0894559
1.4 0.105525
1.5 0.115626
1.6 0.121124
1.7 0.123112
1.8 0.122463
1.9 0.119872
2 0.115885
2.1 0.110933
2.2 0.105351
2.3 0.0993981
2.4 0.0932738
2.5 0.0871278
2.6 0.0810719
2.7 0.075187
2.8 0.0695304
2.9 0.0641405
3 0.0590412
3.1 0.054245
3.2 0.0497562
3.3 0.0455725
3.4 0.041687
3.5 0.0380895
3.6 0.0347673
3.7 0.0317064
3.8 0.028892
3.9 0.0263086
4 0.0239409
4.1 0.0217739
4.2 0.019793
4.3 0.017984
4.4 0.0163337
4.5 0.0148293
4.6 0.0134591
4.7 0.0122118
4.8 0.0110771
4.9 0.0100455
5 0.00910793
5.1 0.00825626
5.2 0.0074829
5.3 0.0067809
5.4 0.00614388
5.5 0.00556598
5.6 0.00504185
5.7 0.00456659
5.8 0.00413574
5.9 0.00374521
6 0.0033913
6.1 0.00307061
6.2 0.00278007
6.3 0.00251688
6.4 0.00227849
6.5 0.00206257
6.6 0.00186704
6.7 0.00168999
6.8 0.00152966
6.9 0.00138451
7 0.00125309
7.1 0.00113412
7.2 0.00102642
7.3 0.000928929
7.4 0.000840681
7.5 0.000760804
7.6 0.000688505
7.7 0.000623069
7.8 0.000563844
7.9 0.000510243
8 0.000461732
8.1 0.00041783
8.2 0.000378099
8.3 0.000342143
8.4 0.000309604
8.5 0.000280158
8.6 0.000253511
8.7 0.000229398
8.8 0.000207577
8.9 0.000187831
9 0.000169963
9.1 0.000153794
9.2 0.000139162
9.3 0.000125923
9.4 0.000113942
9.5 0.000103102
9.6 9.3292e-05
9.7 8.44156e-05
9.8 7.63836e-05
9.9 6.91158e-05
10 6.25394e-05
10.1 5.65887e-05
10.2 5.12041e-05
10.3 4.63318e-05
10.4 4.19232e-05
10.5 3.7934e-05
10.6 3.43243e-05
10.7 3.10581e-05
10.8 2.81027e-05
10.9 2.54285e-05
11 2.30088e-05
11.1 2.08193e-05
11.2 1.88382e-05
11.3 1.70455e-05
11.4 1.54235e-05
11.5 1.39558e-05
11.6 1.26278e-05
11.7 1.14261e-05
11.8 1.03388e-05
11.9 9.35494e-06
12 8.46472e-06
12.1 7.6592e-06
12.2 6.93035e-06
12.3 6.27084e-06
12.4 5.6741e-06
12.5 5.13414e-06
12.6 4.64557e-06
12.7 4.20349e-06
12.8 3.80348e-06
12.9 3.44153e-06
13 3.11403e-06
13.1 2.81769e-06
13.2 2.54955e-06
13.3 2.30693e-06
13.4 2.0874e-06
13.5 1.88876e-06
13.6 1.70902e-06
13.7 1.54639e-06
13.8 1.39923e-06
13.9 1.26607e-06
14 1.14559e-06
14.1 1.03657e-06
14.2 9.37932e-07
14.3 8.48676e-07
14.4 7.67914e-07
14.5 6.94837e-07
14.6 6.28715e-07
14.7 5.68885e-07
14.8 5.14748e-07
14.9 4.65764e-07
15 4.2144e-07
15.1 3.81335e-07
15.2 3.45046e-07
15.3 3.12211e-07
15.4 2.825e-07
15.5 2.55617e-07
15.6 2.31291e-07
15.7 2.09281e-07
15.8 1.89365e-07
15.9 1.71345e-07
16 1.55039e-07
