0 0.5
0.1 0.310308
0.2 0.111517
0.3 -0.056998
0.4 -0.188247
0.5 -0.28522
0.6 -0.35342
0.7 -0.398428
0.8 -0.425172
0.9 -0.437786
1 -0.439648
1.1 -0.433478
1.2 -0.421448
1.3 -0.405275
1.4 -0.386309
1.5 -0.365597
1.6 -0.343948
1.7 -0.321977
1.8 -0.300147
1.9 -0.278798
2 -0.258173
2.1 -0.23844
2.2 -0.219709
2.3 -0.202042
2.4 -0.185469
2.5 -0.169992
2.6 -0.155594
2.7 -0.142244
2.8 -0.1299
2.9 -0.118515
3 -0.108036
3.1 -0.0984093
3.2 -0.0895802
3.3 -0.0814942
3.4 -0.0740982
3.5 -0.0673409
3.6 -0.0611733
3.7 -0.055549
3.8 -0.0504242
3.9 -0.0457578
4 -0.0415116
4.1 -0.0376498
4.2 -0.0341394
4.3 -0.03095
4.4 -0.0280533
4.5 -0.0254235
4.6 -0.0230367
4.7 -0.0208712
4.8 -0.0189068
4.9 -0.0171255
5 -0.0155104
5.1 -0.0140464
5.2 -0.0127195
5.3 -0.0115171
5.4 -0.0104277
5.5 -0.00944078
5.6 -0.00854678
5.7 -0.00773706
5.8 -0.00700373
5.9 -0.00633966
6 -0.00573834
6.1 -0.00519389
6.2 -0.00470095
6.3 -0.00425469
6.4 -0.00385069
6.5 -0.00348498
6.6 -0.00315393
6.7 -0.00285429
6.8 -0.00258307
6.9 -0.00233758
7 -0.0021154
7.1 -0.00191431
7.2 -0.00173232
7.3 -0.00156762
7.4 -0.00141856
7.5 -0.00128366
7.6 -0.00116159
7.7 -0.00105111
7.8 -0.000951141
7.9 -0.000860672
8 -0.000778805
8.1 -0.000704721
8.2 -0.000637683
8.3 -0.000577019
8.4 -0.000522125
8.5 -0.000472451
8.6 -0.000427503
8.7 -0.000386829
8.8 -0.000350025
8.9 -0.000316722
9 -0.000286587
9.1 -0.000259318
9.2 -0.000234644
9.3 -0.000212317
9.4 -0.000192115
9.5 -0.000173835
9.6 -0.000157294
9.7 -0.000142326
9.8 -0.000128783
9.9 -0.000116529
10 -0.00010544
10.1 -9.54067e-05
10.2 -8.6328e-05
10.3 -7.81132e-05
10.4 -7.068e-05
10.5 -6.39542e-05
10.6 -5.78683e-05
10.7 -5.23616e-05
10.8 -4.73789e-05
10.9 -4.28703e-05
11 -3.87907e-05
11.1 -3.50994e-05
11.2 -3.17593e-05
11.3 -2.8737e-05
11.4 -2.60024e-05
11.5 -2.3528e-05
11.6 -2.1289e-05
11.7 -1.92631e-05
11.8 -1.743e-05
11.9 -1.57713e-05
12 -1.42705e-05
12.1 -1.29125e-05
12.2 -1.16837e-05
12.3 -1.05719e-05
12.4 -9.56584e-06
12.5 -8.65553e-06
12.6 -7.83185e-06
12.7 -7.08656e-06
12.8 -6.41218e-06
12.9 -5.80198e-06
13 -5.24985e-06
13.1 -4.75027e-06
13.2 -4.29822e-06
13.3 -3.88919e-06
13.4 -3.51909e-06
13.5 -3.1842e-06
13.6 -2.88119e-06
13.7 -2.607e-06
13.8 -2.35892e-06
13.9 -2.13444e-06
14 -1.93132e-06
14.1 -1.74753e-06
14.2 -1.58123e-06
14.3 -1.43076e-06
14.4 -1.2946e-06
14.5 -1.1714e-06
14.6 -1.05993e-06
14.7 -9.59064e-07
14.8 -8.67797e-07
14.9 -7.85216e-07
15 -7.10492e-07
15.1 -6.4288e-07
15.2 -5.81702e-07
15.3 -5.26346e-07
15.4 -4.76257e-07
15.5 -4.30936e-07
15.6 -3.89927e-07
15.7 -3.5282e-07
15.8 -3.19245e-07
15.9 -2.88865e-07
16 -2.61376e-07
