0 -2.08799
0.1 -1.57373
0.2 0.354297
0.3 2.22998
0.4 2.42901
0.5 1.53657
0.6 0.416251
0.7 -0.463794
0.8 -0.98565
0.9 -1.20239
1 -1.2137
1.1 -1.10927
1.2 -0.952767
1.3 -0.783406
1.4 -0.622507
1.5 -0.479943
1.6 -0.358921
1.7 -0.259112
1.8 -0.178523
1.9 -0.114555
2 -0.0645477
2.1 -0.0260418
2.2 0.00311904
2.3 0.0247675
2.4 0.040431
2.5 0.0513657
2.6 0.0585953
2.7 0.0629484
2.8 0.0650916
2.9 0.0655588
3 0.0647752
3.1 0.063078
3.2 0.0607329
3.3 0.0579481
3.4 0.0548856
3.5 0.0516701
3.6 0.0483968
3.7 0.0451369
3.8 0.0419434
3.9 0.0388541
4 0.0358952
4.1 0.033084
4.2 0.0304307
4.3 0.0279402
4.4 0.0256132
4.5 0.0234475
4.6 0.0214386
4.7 0.0195806
4.8 0.0178664
4.9 0.0162882
5 0.0148382
5.1 0.013508
5.2 0.0122895
5.3 0.0111749
5.4 0.0101564
5.5 0.00922662
5.6 0.0083787
5.7 0.00760601
5.8 0.00690238
5.9 0.00626206
6 0.00567967
6.1 0.00515025
6.2 0.00466921
6.3 0.0042323
6.4 0.00383562
6.5 0.00347559
6.6 0.00314892
6.7 0.00285259
6.8 0.00258387
6.9 0.00234021
7 0.00211934
7.1 0.00191916
7.2 0.00173776
7.3 0.00157339
7.4 0.00142449
7.5 0.0012896
7.6 0.00116743
7.7 0.00105679
7.8 0.00095659
7.9 0.000865861
8 0.000783711
8.1 0.000709334
8.2 0.000641998
8.3 0.00058104
8.4 0.000525858
8.5 0.000475907
8.6 0.000430693
8.7 0.000389768
8.8 0.000352727
8.9 0.000319202
9 0.000288859
9.1 0.000261398
9.2 0.000236545
9.3 0.000214053
9.4 0.000193698
9.5 0.000175278
9.6 0.000158608
9.7 0.000143523
9.8 0.000129872
9.9 0.000117518
10 0.000106339
10.1 9.62236e-05
10.2 8.70698e-05
10.3 7.87865e-05
10.4 7.1291e-05
10.5 6.45084e-05
10.6 5.8371e-05
10.7 5.28174e-05
10.8 4.77921e-05
10.9 4.32448e-05
11 3.91301e-05
11.1 3.54069e-05
11.2 3.20379e-05
11.3 2.89894e-05
11.4 2.6231e-05
11.5 2.3735e-05
11.6 2.14765e-05
11.7 1.94329e-05
11.8 1.75837e-05
11.9 1.59105e-05
12 1.43965e-05
12.1 1.30266e-05
12.2 1.1787e-05
12.3 1.06654e-05
12.4 9.65046e-06
12.5 8.73213e-06
12.6 7.90118e-06
12.7 7.1493e-06
12.8 6.46897e-06
12.9 5.85338e-06
13 5.29637e-06
13.1 4.79236e-06
13.2 4.33632e-06
13.3 3.92367e-06
13.4 3.55029e-06
13.5 3.21244e-06
13.6 2.90674e-06
13.7 2.63013e-06
13.8 2.37984e-06
13.9 2.15337e-06
14 1.94845e-06
14.1 1.76303e-06
14.2 1.59526e-06
14.3 1.44345e-06
14.4 1.30609e-06
14.5 1.1818e-06
14.6 1.06934e-06
14.7 9.67576e-07
14.8 8.75499e-07
14.9 7.92184e-07
15 7.16798e-07
15.1 6.48586e-07
15.2 5.86865e-07
15.3 5.31018e-07
15.4 4.80485e-07
15.5 4.34761e-07
15.6 3.93388e-07
15.7 3.55952e-07
15.8 3.22079e-07
15.9 2.91429e-07
16 2.63696e-07
