0 0.5
0.001 0.500011
0.003 0.500036
0.005 0.500065
0.007 0.500099
0.009 0.500138
0.011 0.50018
0.013 0.500227
0.015 0.500277
0.017 0.500331
0.019 0.500388
0.021 0.500448
0.023 0.500511
0.025 0.500577
0.027 0.500646
0.029 0.500717
0.031 0.50079
0.033 0.500865
0.035 0.500943
0.039 0.501103
0.043 0.50127
0.047 0.501442
0.051 0.501618
0.055 0.501797
0.059 0.501979
0.063 0.502162
0.067 0.502346
0.071 0.502529
0.075 0.502712
0.079 0.502893
0.083 0.503071
0.087 0.503247
0.091 0.503419
0.095 0.503587
0.099 0.503751
0.103 0.503909
0.107 0.504062
0.111 0.504209
0.115 0.504349
0.119 0.504483
0.123 0.504609
0.127 0.504728
0.131 0.504839
0.135 0.504942
0.139 0.505037
0.143 0.505123
0.147 0.5052
0.151 0.505268
0.155 0.505327
0.159 0.505376
0.163 0.505415
0.167 0.505444
0.171 0.505464
0.175 0.505473
0.179 0.505472
0.183 0.505461
0.187 0.505439
0.191 0.505406
0.195 0.505363
0.199 0.505309
0.203 0.505245
0.207 0.505169
0.211 0.505083
0.215 0.504986
0.219 0.504877
0.223 0.504758
0.227 0.504628
0.231 0.504487
0.235 0.504335
0.239 0.504172
0.243 0.503998
0.247 0.503812
0.251 0.503616
0.255 0.50341
0.259 0.503192
0.263 0.502963
0.267 0.502724
0.271 0.502473
0.275 0.502212
0.279 0.501941
0.283 0.501659
0.287 0.501366
0.291 0.501062
0.295 0.500749
0.299 0.500424
0.303 0.50009
0.307 0.499745
0.311 0.49939
0.315 0.499025
0.319 0.49865
0.327 0.497871
0.335 0.497052
0.343 0.496194
0.351 0.495299
0.359 0.494366
0.367 0.493397
0.375 0.492392
0.383 0.491352
0.391 0.490277
0.399 0.489169
0.407 0.488029
0.415 0.486856
0.423 0.485651
0.431 0.484416
0.439 0.483151
0.447 0.481857
0.455 0.480534
0.463 0.479183
0.471 0.477806
0.479 0.476402
0.487 0.474972
0.495 0.473517
0.503 0.472039
0.519 0.469011
0.535 0.465895
0.551 0.462695
0.567 0.459417
0.583 0.456065
0.599 0.452644
0.615 0.44916
0.631 0.445616
0.647 0.442016
0.663 0.438366
0.679 0.434669
0.695 0.430929
0.711 0.42715
0.727 0.423336
0.743 0.419489
0.759 0.415613
0.775 0.411712
0.791 0.407789
0.807 0.403846
0.823 0.399886
0.839 0.395912
0.855 0.391927
0.871 0.387933
0.887 0.383933
0.903 0.379929
0.919 0.375922
0.935 0.371916
0.951 0.367911
0.967 0.363911
0.983 0.359916
0.999 0.355929
1.015 0.35195
1.031 0.347983
1.047 0.344027
1.063 0.340085
1.079 0.336158
1.095 0.332247
1.111 0.328353
1.127 0.324477
1.143 0.320621
1.159 0.316786
1.175 0.312972
1.191 0.30918
1.207 0.305411
1.223 0.301667
1.239 0.297947
1.255 0.294253
1.271 0.290584
1.287 0.286943
1.319 0.279741
1.351 0.272653
1.383 0.265682
1.415 0.25883
1.447 0.2521
1.479 0.245494
1.511 0.239013
1.543 0.232659
1.575 0.226432
1.607 0.220333
1.639 0.214362
1.671 0.208519
1.703 0.202804
1.735 0.197216
1.767 0.191755
1.799 0.186419
1.831 0.181208
1.863 0.17612
1.895 0.171154
1.927 0.166308
1.959 0.161581
1.991 0.156971
2.023 0.152477
2.055 0.148096
2.087 0.143828
2.119 0.139669
2.151 0.135618
2.183 0.131674
2.215 0.127833
2.247 0.124094
2.279 0.120455
2.311 0.116914
2.343 0.113469
2.375 0.110118
2.407 0.106859
2.439 0.103689
2.471 0.100607
2.503 0.0976108
2.535 0.0946981
2.567 0.0918672
2.599 0.0891161
2.631 0.0864428
2.663 0.0838455
2.727 0.0788711
2.791 0.0741782
2.855 0.0697526
2.919 0.0655807
2.983 0.061649
3.047 0.057945
3.111 0.0544565
3.175 0.0511718
3.239 0.0480797
3.303 0.0451697
3.367 0.0424316
3.431 0.0398558
3.495 0.0374331
3.559 0.0351548
3.623 0.0330127
3.687 0.0309989
3.751 0.029106
3.815 0.027327
3.879 0.0256552
3.943 0.0240843
4.007 0.0226085
4.071 0.0212221
4.135 0.0199199
4.199 0.0186967
4.263 0.017548
4.327 0.0164692
4.391 0.0154563
4.455 0.0145051
4.519 0.0136121
4.583 0.0127737
4.647 0.0119866
4.711 0.0112477
4.775 0.0105541
4.839 0.0099031
4.903 0.00929204
4.967 0.00871852
5.031 0.00818025
5.095 0.00767508
5.159 0.00720099
5.223 0.00675609
5.287 0.00633858
5.351 0.0059468
5.415 0.00557916
5.543 0.0049105
5.671 0.00432181
5.799 0.00380355
5.927 0.00334734
6.055 0.00294576
6.183 0.0025923
6.311 0.0022812
6.439 0.0020074
6.567 0.00176643
6.695 0.00155437
6.823 0.00136774
6.951 0.00120351
7.079 0.00105899
7.207 0.000931817
7.335 0.000819909
7.463 0.000721435
7.591 0.000634785
7.719 0.000558539
7.847 0.000491449
7.975 0.000432416
8.103 0.000380473
8.231 0.000334768
8.359 0.000294553
8.487 0.000259168
8.615 0.000228034
8.743 0.000200639
8.871 0.000176535
8.999 0.000155327
9.255 0.000120248
9.511 9.30916e-05
9.767 7.20677e-05
10.023 5.57917e-05
10.279 4.31915e-05
10.535 3.34369e-05
10.791 2.58853e-05
11.047 2.00392e-05
11.303 1.55134e-05
11.559 1.20097e-05
11.815 9.29734e-06
12.071 7.19755e-06
12.327 5.57199e-06
12.583 4.31357e-06
13.095 2.58627e-06
13.607 1.55064e-06
14.119 9.29715e-07
14.119 9.29715e-07
14.375 7.19742e-07
14.631 5.57191e-07
14.887 4.31352e-07
15.143 3.33934e-07
15.399 2.58518e-07
15.655 2.00135e-07
15.911 1.54938e-07
16.167 1.1995e-07
16.423 9.28639e-08
16.679 7.18958e-08
16.935 5.5664e-08
16.935 5.5664e-08
17.063 4.8965e-08
17.191 4.30789e-08
17.447 3.335e-08
17.703 2.58185e-08
17.959 1.99881e-08
18.215 1.54745e-08
18.471 1.19804e-08
18.727 9.27558e-09
18.983 7.18173e-09
19.239 5.5609e-09
19.495 4.30628e-09
19.751 3.33518e-09
20.007 2.58358e-09
20.263 2.00194e-09
20.519 1.55189e-09
20.775 1.20374e-09
21.031 9.34519e-10
21.287 7.26427e-10
21.543 5.65702e-10
21.799 4.41692e-10
22.055 3.46157e-10
22.311 2.72723e-10
22.567 2.16466e-10
22.823 1.73578e-10
22.823 1.73578e-10
22.951 1.41152e-10
23.079 1.20963e-10
23.335 9.41697e-11
23.591 7.34928e-11
23.847 5.75593e-11
24.103 4.53071e-11
24.359 3.59152e-11
24.615 2.8749e-11
24.871 2.3319e-11
25.127 1.92476e-11
25.383 1.62446e-11
25.639 1.40871e-11
25.895 1.2605e-11
26.151 1.16691e-11
26.407 1.11826e-11
26.663 1.10733e-11
26.919 1.12896e-11
27.175 1.17952e-11
27.431 1.2567e-11
27.687 1.35922e-11
27.943 1.48667e-11
28.199 1.63942e-11
28.455 1.81847e-11
28.711 2.02547e-11
28.711 2.02547e-11
28.839 5.91082e-12
28.967 1.8761e-12
29.223 1.99357e-12
29.479 2.15188e-12
29.735 2.35019e-12
29.991 2.58889e-12
30.247 2.86947e-12
30.503 3.19439e-12
30.759 3.56704e-12
31.015 3.99172e-12
31.271 4.47364e-12
31.527 5.01893e-12
31.783 5.63471e-12
32.039 6.32917e-12
32.295 7.11165e-12
32.551 7.99274e-12
32.807 8.98445e-12
33.063 1.01003e-11
33.319 1.13557e-11
33.575 1.27678e-11
33.831 1.43559e-11
34.087 1.61421e-11
34.343 1.81507e-11
34.599 2.04096e-11
34.599 2.04096e-11
34.727 5.69769e-12
34.855 1.59104e-12
35.111 1.78877e-12
35.367 2.01118e-12
35.623 2.26134e-12
35.879 2.54269e-12
36.135 2.85908e-12
36.391 3.21489e-12
36.647 3.61501e-12
36.903 4.06495e-12
37.159 4.57092e-12
37.415 5.13987e-12
37.671 5.77966e-12
37.927 6.49909e-12
38.183 7.30808e-12
38.439 8.21778e-12
38.695 9.24071e-12
38.951 1.0391e-11
39.207 1.16845e-11
39.463 1.31389e-11
39.719 1.47745e-11
39.975 1.66136e-11
40.231 1.86816e-11
40.231 1.86816e-11
40.359 5.21465e-12
40.487 1.45558e-12
40.743 1.63677e-12
40.999 1.84051e-12
41.255 2.06962e-12
41.511 2.32725e-12
41.767 2.61694e-12
42.023 2.9427e-12
42.279 3.309e-12
42.535 3.72091e-12
42.791 4.18408e-12
43.047 4.70492e-12
43.303 5.29058e-12
43.559 5.94916e-12
43.815 6.68971e-12
44.071 7.52244e-12
44.327 8.45883e-12
44.583 9.51178e-12
44.839 1.06958e-11
45.095 1.20272e-11
45.351 1.35244e-11
45.607 1.52079e-11
45.863 1.7101e-11
46.119 1.92297e-11
46.119 1.92297e-11
46.247 5.36763e-12
46.375 1.49828e-12
46.631 1.68478e-12
46.887 1.89451e-12
47.143 2.13033e-12
47.399 2.39552e-12
47.655 2.69371e-12
47.911 3.02902e-12
48.167 3.40608e-12
48.423 3.83006e-12
48.679 4.30683e-12
48.935 4.84294e-12
49.191 5.44579e-12
49.447 6.12368e-12
49.703 6.88596e-12
49.959 7.74312e-12
50.215 8.70698e-12
50.471 9.79083e-12
50.727 1.10096e-11
50.983 1.23801e-11
51.239 1.39211e-11
51.495 1.5654e-11
51.751 1.76026e-11
52.007 1.97938e-11
52.007 1.97938e-11
52.135 5.52509e-12
52.263 1.54223e-12
52.519 1.73421e-12
52.775 1.95008e-12
53.031 2.19283e-12
53.287 2.46579e-12
53.543 2.77274e-12
53.799 3.11788e-12
54.055 3.506e-12
54.311 3.94242e-12
54.567 4.43318e-12
54.823 4.98502e-12
55.079 5.60555e-12
55.335 6.30333e-12
55.591 7.08797e-12
55.847 7.97028e-12
56.103 8.96241e-12
56.359 1.00781e-11
56.615 1.13326e-11
56.871 1.27432e-11
57.127 1.43295e-11
57.383 1.61133e-11
57.639 1.8119e-11
57.895 2.03745e-11
57.895 2.03745e-11
58.023 5.68718e-12
58.151 1.58748e-12
58.407 1.78509e-12
58.663 2.00729e-12
58.919 2.25716e-12
59.175 2.53813e-12
59.431 2.85408e-12
59.687 3.20935e-12
59.943 3.60885e-12
60.199 4.05808e-12
60.455 4.56323e-12
60.711 5.13126e-12
60.967 5.77e-12
61.223 6.48825e-12
61.479 7.2959e-12
61.735 8.2041e-12
61.991 9.22534e-12
62.247 1.03737e-11
62.503 1.1665e-11
62.759 1.31171e-11
63.015 1.47499e-11
63.271 1.6586e-11
63.527 1.86506e-11
63.527 1.86506e-11
63.655 5.20598e-12
63.783 1.45316e-12
64.039 1.63405e-12
64.295 1.83745e-12
64.551 2.06618e-12
64.807 2.32338e-12
65.063 2.61259e-12
65.319 2.93781e-12
65.575 3.3035e-12
65.831 3.71472e-12
66.087 4.17713e-12
66.343 4.6971e-12
66.599 5.28179e-12
66.855 5.93927e-12
67.111 6.67859e-12
67.367 7.50994e-12
67.623 8.44477e-12
67.879 9.49598e-12
68.135 1.0678e-11
68.391 1.20072e-11
68.647 1.35019e-11
68.903 1.51826e-11
69.159 1.70725e-11
69.415 1.91977e-11
69.415 1.91977e-11
69.543 5.35871e-12
69.671 1.49579e-12
69.927 1.68199e-12
70.183 1.89136e-12
70.439 2.12679e-12
70.695 2.39154e-12
70.951 2.68924e-12
71.207 3.02399e-12
71.463 3.40042e-12
71.719 3.8237e-12
71.975 4.29967e-12
72.231 4.8349e-12
72.487 5.43674e-12
72.743 6.11351e-12
72.999 6.87452e-12
73.255 7.73025e-12
73.511 8.69251e-12
73.767 9.77456e-12
74.023 1.09913e-11
74.279 1.23595e-11
74.535 1.3898e-11
74.791 1.5628e-11
75.047 1.75734e-11
75.303 1.97609e-11
75.303 1.97609e-11
75.431 5.51591e-12
75.559 1.53967e-12
75.815 1.73133e-12
76.071 1.94684e-12
76.327 2.18919e-12
76.583 2.4617e-12
76.839 2.76813e-12
77.095 3.1127e-12
77.351 3.50017e-12
77.607 3.93587e-12
77.863 4.42581e-12
78.119 4.97673e-12
78.375 5.59624e-12
78.631 6.29286e-12
78.887 7.07619e-12
79.143 7.95703e-12
79.399 8.94752e-12
79.655 1.00613e-11
79.911 1.13137e-11
80.167 1.27221e-11
80.423 1.43057e-11
80.679 1.60865e-11
80.935 1.80889e-11
81.191 2.03406e-11
81.191 2.03406e-11
81.319 5.67773e-12
81.447 1.58484e-12
81.703 1.78212e-12
81.959 2.00396e-12
82.215 2.25341e-12
82.471 2.53391e-12
82.727 2.84933e-12
82.983 3.20402e-12
83.239 3.60286e-12
83.495 4.05134e-12
83.751 4.55565e-12
84.007 5.12273e-12
84.263 5.76041e-12
84.519 6.47747e-12
84.775 7.28378e-12
85.031 8.19046e-12
85.287 9.21001e-12
85.543 1.03565e-11
85.799 1.16456e-11
86.055 1.30953e-11
86.311 1.47254e-11
86.567 1.65584e-11
86.823 1.86196e-11
86.823 1.86196e-11
86.951 5.19733e-12
87.079 1.45074e-12
87.335 1.63133e-12
87.591 1.8344e-12
87.847 2.06275e-12
88.103 2.31952e-12
88.359 2.60825e-12
88.615 2.93292e-12
88.871 3.29801e-12
89.127 3.70855e-12
89.383 4.17019e-12
89.639 4.68929e-12
89.895 5.27302e-12
90.151 5.9294e-12
90.407 6.66749e-12
90.663 7.49746e-12
90.919 8.43074e-12
91.175 9.4802e-12
91.431 1.06603e-11
91.687 1.19873e-11
91.943 1.34795e-11
92.199 1.51574e-11
92.455 1.70442e-11
92.711 1.91658e-11
92.711 1.91658e-11
92.839 5.3498e-12
92.967 1.4933e-12
93.223 1.67919e-12
93.479 1.88822e-12
93.735 2.12326e-12
93.991 2.38756e-12
94.247 2.68477e-12
94.503 3.01897e-12
94.759 3.39477e-12
95.015 3.81735e-12
95.271 4.29253e-12
95.527 4.82686e-12
95.783 5.42771e-12
96.039 6.10335e-12
96.295 6.86309e-12
96.551 7.71741e-12
96.807 8.67807e-12
97.063 9.75832e-12
97.319 1.0973e-11
97.575 1.23389e-11
97.831 1.38749e-11
98.087 1.5602e-11
98.343 1.75442e-11
98.599 1.97281e-11
98.599 1.97281e-11
98.727 5.50675e-12
98.855 1.53711e-12
99.111 1.72845e-12
99.367 1.94361e-12
99.623 2.18555e-12
99.879 2.45761e-12
100.135 2.76353e-12
100.391 3.10753e-12
100.647 3.49436e-12
100.903 3.92933e-12
101.159 4.41846e-12
101.415 4.96846e-12
101.671 5.58694e-12
101.927 6.2824e-12
102.183 7.06443e-12
102.439 7.94381e-12
102.695 8.93265e-12
102.951 1.00446e-11
103.207 1.12949e-11
103.463 1.27009e-11
103.719 1.42819e-11
103.975 1.60598e-11
104.231 1.80589e-11
104.487 2.03068e-11
104.487 2.03068e-11
104.615 5.6683e-12
104.743 1.58221e-12
104.999 1.77916e-12
105.255 2.00063e-12
105.511 2.24967e-12
105.767 2.5297e-12
106.023 2.8446e-12
106.279 3.1987e-12
106.535 3.59687e-12
106.791 4.04461e-12
107.047 4.54808e-12
107.303 5.11422e-12
107.559 5.75084e-12
107.815 6.4667e-12
108.071 7.27168e-12
108.327 8.17685e-12
108.583 9.19471e-12
108.839 1.03393e-11
109.095 1.16263e-11
109.351 1.30735e-11
109.607 1.47009e-11
109.863 1.65309e-11
110.119 1.85887e-11
110.119 1.85887e-11
110.247 5.1887e-12
110.375 1.44833e-12
110.631 1.62862e-12
110.887 1.83135e-12
111.143 2.05932e-12
111.399 2.31566e-12
111.655 2.60392e-12
111.911 2.92805e-12
112.167 3.29253e-12
112.423 3.70239e-12
112.679 4.16326e-12
112.935 4.6815e-12
113.191 5.26425e-12
113.447 5.91955e-12
113.703 6.65641e-12
113.959 7.485e-12
114.215 8.41673e-12
114.471 9.46445e-12
114.727 1.06426e-11
114.983 1.19674e-11
115.239 1.34571e-11
115.495 1.51322e-11
115.751 1.70158e-11
116.007 1.9134e-11
116.007 1.9134e-11
116.135 5.34091e-12
116.263 1.49082e-12
116.519 1.6764e-12
116.775 1.88508e-12
117.031 2.11973e-12
117.287 2.3836e-12
117.543 2.68031e-12
117.799 3.01395e-12
118.055 3.38913e-12
118.311 3.811e-12
118.567 4.2854e-12
118.823 4.81884e-12
119.079 5.41869e-12
119.335 6.09321e-12
119.591 6.85169e-12
119.847 7.70459e-12
120.103 8.66365e-12
120.359 9.7421e-12
120.615 1.09548e-11
120.871 1.23184e-11
121.127 1.38518e-11
121.383 1.55761e-11
121.639 1.7515e-11
121.895 1.96953e-11
121.895 1.96953e-11
122.023 5.4976e-12
122.151 1.53456e-12
122.407 1.72558e-12
122.663 1.94038e-12
122.919 2.18192e-12
123.175 2.45352e-12
123.431 2.75894e-12
123.687 3.10237e-12
123.943 3.48855e-12
124.199 3.9228e-12
124.455 4.41111e-12
124.711 4.96021e-12
124.967 5.57765e-12
125.223 6.27196e-12
125.479 7.05269e-12
125.735 7.93061e-12
125.991 8.91781e-12
126.247 1.00279e-11
126.503 1.12762e-11
126.759 1.26798e-11
127.015 1.42582e-11
127.271 1.60331e-11
127.527 1.80289e-11
127.783 2.02731e-11
127.783 2.02731e-11
127.911 5.65888e-12
128.039 1.57958e-12
128.295 1.7762e-12
128.551 1.9973e-12
128.807 2.24593e-12
129.063 2.5255e-12
129.319 2.83987e-12
129.575 3.19338e-12
129.831 3.59089e-12
130.087 4.03789e-12
130.343 4.54052e-12
130.599 5.10572e-12
130.855 5.74128e-12
131.111 6.45596e-12
131.367 7.25959e-12
131.623 8.16327e-12
131.879 9.17943e-12
132.135 1.03221e-11
132.391 1.1607e-11
132.647 1.30518e-11
132.903 1.46765e-11
133.159 1.65034e-11
133.415 1.85578e-11
133.415 1.85578e-11
133.543 5.18007e-12
133.671 1.44593e-12
133.927 1.62592e-12
134.183 1.82831e-12
134.439 2.0559e-12
134.695 2.31181e-12
134.951 2.59959e-12
135.207 2.92319e-12
135.463 3.28706e-12
135.719 3.69624e-12
135.975 4.15634e-12
136.231 4.67372e-12
136.487 5.25551e-12
136.743 5.90971e-12
136.999 6.64535e-12
137.255 7.47256e-12
137.511 8.40275e-12
137.767 9.44872e-12
138.023 1.06249e-11
138.279 1.19475e-11
138.535 1.34347e-11
138.791 1.5107e-11
139.047 1.69876e-11
139.303 1.91022e-11
139.303 1.91022e-11
139.431 5.33204e-12
139.559 1.48835e-12
139.815 1.67361e-12
140.071 1.88195e-12
140.327 2.11621e-12
140.583 2.37964e-12
140.839 2.67585e-12
141.095 3.00894e-12
141.351 3.38349e-12
141.607 3.80467e-12
141.863 4.27827e-12
142.119 4.81083e-12
142.375 5.40969e-12
142.631 6.08308e-12
142.887 6.8403e-12
143.143 7.69178e-12
143.399 8.64925e-12
143.655 9.72591e-12
143.911 1.09366e-11
144.167 1.2298e-11
144.423 1.38288e-11
144.679 1.55502e-11
144.935 1.74859e-11
145.191 1.96626e-11
145.191 1.96626e-11
145.319 5.48846e-12
145.447 1.53201e-12
145.703 1.72271e-12
145.959 1.93716e-12
146.215 2.17829e-12
146.471 2.44945e-12
146.727 2.75435e-12
146.983 3.09721e-12
147.239 3.48275e-12
147.495 3.91629e-12
147.751 4.40378e-12
148.007 4.95197e-12
148.263 5.56839e-12
148.519 6.26154e-12
148.775 7.04097e-12
149.031 7.91743e-12
149.287 8.90299e-12
149.543 1.00112e-11
149.799 1.12574e-11
150.055 1.26588e-11
150.311 1.42345e-11
150.567 1.60064e-11
150.823 1.79989e-11
151.079 2.02394e-11
151.079 2.02394e-11
151.207 5.64947e-12
151.335 1.57695e-12
151.591 1.77325e-12
151.847 1.99398e-12
152.103 2.2422e-12
152.359 2.5213e-12
152.615 2.83515e-12
152.871 3.18807e-12
153.127 3.58492e-12
153.383 4.03118e-12
153.639 4.53298e-12
153.895 5.09724e-12
154.151 5.73174e-12
154.407 6.44523e-12
154.663 7.24753e-12
154.919 8.1497e-12
155.175 9.16418e-12
155.431 1.03049e-11
155.687 1.15877e-11
155.943 1.30301e-11
156.199 1.46521e-11
156.455 1.6476e-11
156.711 1.85269e-11
156.711 1.85269e-11
156.839 5.17147e-12
156.967 1.44352e-12
157.223 1.62321e-12
157.479 1.82527e-12
157.735 2.05248e-12
157.991 2.30797e-12
158.247 2.59527e-12
158.503 2.91833e-12
158.759 3.2816e-12
159.015 3.69009e-12
159.271 4.14944e-12
159.527 4.66596e-12
159.783 5.24677e-12
160.039 5.89989e-12
160.295 6.63431e-12
160.551 7.46015e-12
160.807 8.38879e-12
161.063 9.43302e-12
161.319 1.06072e-11
161.575 1.19276e-11
161.831 1.34124e-11
162.087 1.50819e-11
162.343 1.69593e-11
162.599 1.90704e-11
162.599 1.90704e-11
162.727 5.32318e-12
162.855 1.48587e-12
163.111 1.67083e-12
163.367 1.87882e-12
163.623 2.11269e-12
163.879 2.37568e-12
164.135 2.67141e-12
164.391 3.00394e-12
164.647 3.37787e-12
164.903 3.79835e-12
165.159 4.27117e-12
165.415 4.80284e-12
165.671 5.4007e-12
165.927 6.07297e-12
166.183 6.82894e-12
166.439 7.679e-12
166.695 8.63488e-12
166.951 9.70975e-12
167.207 1.09184e-11
167.463 1.22775e-11
167.719 1.38058e-11
167.975 1.55244e-11
168.231 1.74569e-11
168.487 1.96299e-11
168.487 1.96299e-11
168.615 5.47934e-12
168.743 1.52946e-12
168.999 1.71985e-12
169.255 1.93394e-12
169.511 2.17467e-12
169.767 2.44537e-12
170.023 2.74977e-12
170.279 3.09207e-12
170.535 3.47697e-12
170.791 3.90978e-12
171.047 4.39647e-12
171.303 4.94374e-12
171.559 5.55913e-12
171.815 6.25113e-12
172.071 7.02927e-12
172.327 7.90428e-12
172.583 8.8882e-12
172.839 9.9946e-12
173.095 1.12387e-11
173.351 1.26377e-11
173.607 1.42109e-11
173.863 1.59798e-11
174.119 1.7969e-11
174.375 2.02058e-11
174.375 2.02058e-11
174.503 5.64009e-12
174.631 1.57433e-12
174.887 1.7703e-12
175.143 1.99067e-12
175.399 2.23847e-12
175.655 2.51711e-12
175.911 2.83044e-12
176.167 3.18278e-12
176.423 3.57897e-12
176.679 4.02448e-12
176.935 4.52544e-12
177.191 5.08877e-12
177.447 5.72222e-12
177.703 6.43452e-12
177.959 7.23549e-12
178.215 8.13616e-12
178.471 9.14895e-12
178.727 1.02878e-11
178.983 1.15684e-11
179.239 1.30085e-11
179.495 1.46278e-11
179.751 1.64486e-11
180.007 1.84961e-11
180.007 1.84961e-11
180.135 5.16287e-12
180.263 1.44113e-12
